X0_missing_rate,X0_obs_vs_full_ratio,X0_iqr_ratio,X0_obs_skew_diff,coef_X1_abs,auc_mask_from_Xobs,log_pval_X1_mask,X1_mean_diff,X1_mannwhitney_pval,little_proxy_score,X0_ks_obs_vs_imputed,X0_tail_missing_ratio,mask_entropy,X0_censoring_score,X0_mean_shift_X1_to_X4,mechdetect_auc_complete,mechdetect_auc_shuffled,mechdetect_auc_excluded,mechdetect_delta_complete_shuffled,mechdetect_delta_complete_excluded,mechdetect_mwu_pvalue,caafe_missing_rate_by_quantile,caafe_tail_asymmetry,caafe_kurtosis_excess,caafe_cond_entropy_X0_mask
0.01,1.0003540061623462,1.0093211694001514,-0.0019005622193162437,0.3961660393021369,0.543939393939394,0.7184207625274441,0.12017499753155564,0.19888560590610793,0.2702020202020202,0.005,1.0,0.4852610889143069,0.0,0.07453292050723616,0.5411616161616162,0.0,0.5441919191919192,0.0,-0.00303030303030305,0.0,20.0,0.0,-1.2051960656977536,0.2678758217539914
0.05,1.0036690370084742,1.0413093934857864,-0.035409563302943425,0.19202585169988612,0.5580056224861866,0.6701275055498369,-0.029032523032317403,0.15856584230702675,0.13131578947368422,0.025,1.0,0.9411388425446447,0.0,0.025455603794832818,0.5568007341098801,0.5062760572942849,0.5578851923710825,0.05052467681559514,-0.0010844582612024034,0.7,20.0,0.0,-0.002226189132540579,0.2214128707425846
0.056,1.004233894136874,1.0723314210596062,-0.03672851934733046,0.12928120574883997,0.5963120232759298,0.5505064043587826,0.022923957378580273,0.21610883408271664,0.13669037530266342,0.028,1.0,2.485472617152488,0.0,0.03216813424909084,0.6069890066835723,0.5382987619615097,0.5963618845020865,0.06869024472206253,0.01062712218148576,0.2,20.0,0.0,-0.4840886866000158,0.258678129182441
0.066,0.9997932933866326,1.0783867316779938,0.0022472219760332106,0.15266904618797342,0.5283905090979046,0.6711943604721851,-0.023961053298940715,0.20603728255867437,0.11563169164882225,0.033,1.0,2.9302405029197147,0.0,0.01989959403187011,0.5277571660208316,0.5196170281047116,0.528439227796141,0.008140137916120005,-0.0006820617753094949,0.7,20.0,0.0,0.010414451466160823,0.18857243467312457
0.048,0.9984727238853044,1.0595199094504923,0.010596335565998163,0.06873859357058568,0.399867484739665,0.17625061110587545,0.018567247091208716,0.6900825559089552,0.12307422969187676,0.024,1.0,2.2525600228572595,0.0,0.02563765338794223,0.39953660992401246,0.4715354221751967,0.399801764445238,-0.07199881225118421,-0.0002651545212255524,0.1,20.0,0.0,-1.1516940305736685,0.3684117630235603
0.018,1.0009918051746909,1.0325976494361477,-0.010058419478363612,0.216179034483381,0.48115256955321845,0.47236435021209267,-0.036733249041784766,0.21050296962174864,0.18870219506675717,0.009,1.0,1.8151966415109073,0.0,0.034213697855440775,0.4850528952537232,0.4713974254425733,0.48132142827544483,0.0136554698111499,0.003731466978278364,0.7,20.0,0.0,-0.3840188423816455,0.20275887640183543
0.036,1.0000260788871524,1.0269962840184745,-0.0022031175019934512,0.2841392098280827,0.5147961640749126,1.0707776121825665,-0.04475349996987421,0.13219787691681625,0.12200322729368372,0.018,1.0,2.629476812380916,0.0,0.015807416288736928,0.5090853827647813,0.5715408543457139,0.5148826992081766,-0.062455471580932564,-0.005797316443395317,0.7,20.0,0.0,0.3418519121573067,0.15725582600201723
0.077,0.9998050243823702,1.081388551030222,0.0023597935553454352,0.025831305927861932,0.4715469926381979,0.05427229123233837,0.004911701130475232,0.8746855023068782,0.08592815635069156,0.03845828819068256,1.0,2.792432862925666,0.0,0.015370021171229944,0.46109131368089024,0.40587921936687765,0.47150203759324283,0.05521209431401258,-0.010410723912352593,0.1,20.0,0.0,-1.2380292409953992,0.4077419654861114
0.02,1.0057390506828725,1.024421283880067,-0.02770368466077011,0.28695729179096546,0.5738513199817865,0.6376385627124764,-0.07067768368822941,0.24563881889695482,0.18341836734693878,0.01,1.0,1.5243012156592064,0.0,0.05104967840564203,0.5951374389771418,0.4621934490949848,0.5743367333112366,0.132943989882157,0.020800705665905195,0.1,20.0,0.0,1.1508109567955067,0.1357222104789705
0.02,0.9998890340779084,1.0290808598128043,0.0006662364229447354,0.13925997554751315,0.49862595269810894,0.3035572369933342,0.022726389992545337,0.4648742700049593,0.14260204081632655,0.01,1.0,1.6621906494753305,0.0,0.020956424842968696,0.4982596592041067,0.40830581094398505,0.49877202339632687,0.08995384826012165,-0.0005123641922201716,0.4,20.0,0.0,0.043085032351602326,0.1476908871986379
0.096,0.9993126909524277,1.095548789031146,0.007502945089277645,0.11447754933971761,0.555573240962795,0.5320434524806059,-0.01714842842766079,0.24402322614867955,0.11859328908554571,0.048,1.0,2.768187387322051,0.0,0.020375674974771205,0.5530479710750771,0.5947129814525329,0.5556424546947996,-0.04166501037745585,-0.0025944836197224763,1.0,20.0,0.0,-0.05423792251653392,0.1916112991749418
0.04,1.0007424545529076,1.0334525651973032,-0.004529987064216652,0.07619718487077193,0.47889766483516477,0.2013974773856372,0.02230869638349353,0.6247179117772674,0.12473958333333333,0.02,1.0,2.3612285750107445,0.0,0.0383074576639372,0.4809638278388278,0.46291490028742777,0.47897206959706956,0.01804892755140003,0.0019917582417582347,1.0,20.0,0.0,-1.1649283614374042,0.3594064325875054
0.04,1.0120912501789738,1.0479829089912807,-0.055679175389043545,0.05601271405490378,0.4329727564102564,0.1542983373908516,0.01597974832770005,0.9012824631835704,0.12604166666666666,0.02,1.0,2.24482790019535,0.0,0.013708850691767333,0.49490041208791213,0.47286971953391604,0.4326694139194139,0.02203069255399609,0.06223099816849825,0.4,20.0,0.0,0.7915148181349032,0.15467355328336674
0.06,0.9990600414113163,1.0645948091142252,0.006973626421819472,0.15023827054333833,0.48077691405004647,0.5935386129377749,0.04384411975192598,0.24447134017982775,0.11595744680851064,0.03,1.0,2.288593437381883,0.0,0.022884220496984284,0.4804043466758918,0.44813124904317,0.48098956743520344,0.03227309763272185,-0.000585220759311611,0.7,20.0,0.0,-1.2636946406098202,0.4144015027567988
0.03,0.9994925269229413,1.0301213460935976,0.006928091438666836,0.0008487602230582311,0.41734765381136213,0.0055181249146360545,0.00045201680645168274,0.9067523743178074,0.11958762886597937,0.015,1.0,1.7518882098707134,0.0,0.008841508885392424,0.42106314260597033,0.5364506353340651,0.41745085298576873,-0.11538749272809479,0.003612289620201603,0.2,20.0,0.0,-0.1469585914629925,0.17844861756657662
0.08,1.0053586673717394,1.09916717516719,-0.05262768729078626,0.22881732445043915,0.5527061180159191,1.1461965882279312,-0.03399063643328448,0.06634160807255725,0.11970108695652174,0.04,1.0,1.3141486383274381,0.0,0.025400784094758003,0.5663134714286844,0.5369968864288795,0.5528669737685229,0.02931658499980483,0.013446497660161483,0.7,20.0,0.0,-0.06032850649445809,0.25966477131897914
0.036,1.012085298392909,1.0508270809308409,-0.051586181530157704,0.14854737004502055,0.5216587763824659,0.40582309502704095,-0.038341102458630205,0.10710745396844587,0.15851198709082526,0.018,1.0,2.4559789076359873,0.0,0.03175024607285637,0.5617734542460263,0.544578534388317,0.5221763747261513,0.017194919857709268,0.03959707951987501,1.0,20.0,0.0,0.702785682650771,0.14902278064853725
0.077,0.9991267707547612,1.0913907020489984,0.006802843534375477,0.2628502437631038,0.6108887041297465,1.5979252775767785,-0.07663984025008247,0.02358689179425455,0.16691758945280072,0.03845828819068256,1.0,3.017279508469838,0.0,0.06273829206405514,0.6110880216417676,0.5220282324411378,0.6107222039632463,0.08905978920062974,0.0003658176785212852,0.1,20.0,0.0,-1.209096151755614,0.412779299604578
0.06,1.0004242737354614,1.1010271551415116,-0.007070778602300515,0.11976883119188651,0.5137139388019508,0.4564406935505409,0.018668385722937497,0.33054601034538944,0.08927304964539007,0.03,1.0,3.2739802967360037,0.0,0.016629253197973162,0.5118555110125286,0.534823545546583,0.5133949587242154,-0.022968034534054382,-0.0015394477116867922,1.0,20.0,0.0,-0.09442664664462885,0.20914122283376477
0.095,1.0091775775045788,1.1412601179236666,-0.07970313291399989,0.10851484755816862,0.4754086833557964,0.5191902684675002,-0.01812105687673482,0.4831367289114158,0.07987787147426578,0.047447513812154694,1.0,3.9756683526345578,0.0,0.01093843354439493,0.5049983892023148,0.51125642198288,0.47527025589178756,-0.006258032780565248,0.029728133310527205,1.0,20.0,0.0,-0.0935200695953009,0.26047523860752725
0.09,0.9995310980332841,1.1516986011556394,0.0061502060585507945,0.05990702468049702,0.5183384237546562,0.2255405305592533,0.008624494192167487,0.45367695187971047,0.08540903540903541,0.045,1.0,2.045387632376588,0.0,0.009016671425116862,0.5147119207534789,0.5438146749890335,0.5183749734622586,-0.02910275423555453,-0.003663052708779646,0.7,20.0,0.0,0.2118440732187401,0.18923687233305275
0.08,1.0198311756880032,1.1239794809439905,-0.10561907091900835,0.11838901417731638,0.5479382694011578,0.5156391399950491,0.030502927108002398,0.16899395593974564,0.11222826086956522,0.04,1.0,3.5007383961046656,0.0,0.04009735508412484,0.5854396975620709,0.567722587661862,0.5479384008192564,0.017717109900208916,0.03750129674281455,0.7,20.0,0.0,0.6847197112285732,0.35141497881142764
0.076,1.0221302238665266,1.0797425257819675,-0.10277703143387673,0.004140020521054504,0.47447718947718953,0.018201530712583232,-0.0016060399662055636,0.6919307745859281,0.1007347915242652,0.038,1.0,3.8151877146302287,0.0,0.01597898760461894,0.533073593073593,0.48364302364302364,0.4744372294372295,0.04943056943056939,0.05863636363636354,0.4,20.0,0.0,0.25060570842459295,0.37514578578232743
0.01,1.0001359834257837,1.0143492633486535,-0.0005751921630304802,0.0012113019908915686,0.14528619528619527,0.013093444021815281,0.0033028505512870954,0.9425405526986429,0.2047979797979798,0.005,1.0,0.7894608072127152,0.0,0.042832378564212376,0.1451178451178451,0.38707569173744966,0.14469696969696966,-0.24195784661960457,0.00042087542087543284,0.1,20.0,0.0,-1.2501938209788097,0.3113880550271506
0.09,0.9971239560386453,1.0823212453838313,0.021582932121112314,0.09130522659919849,0.5337227143767008,0.362988995150392,-0.024968282023045296,0.41940582351150024,0.07454212454212454,0.045,1.0,3.7382919250626174,0.0,0.02315963526556368,0.53614102638334,0.5237910530461646,0.5337593847104009,0.012349973337175468,0.0023816416729391943,0.4,20.0,0.0,-1.2290026835184966,0.46451172379364575
0.01,1.0027546482254583,1.0196523242246949,-0.012894981156010177,0.13115676654065986,0.5904040404040404,0.1440585232156909,-0.030706399971309584,0.5750198987638113,0.27601010101010104,0.005,1.0,1.6208427765399323,0.0,0.06027047527331198,0.6067340067340067,0.6946378517271846,0.5896464646464646,-0.08790384499317794,0.01708754208754204,0.7,20.0,0.0,0.35502153241691703,0.24666186403608067
0.041,1.0037409651295648,1.0488900023850913,-0.032810741452290015,0.3287147708970803,0.5865670428709222,1.2823867382454301,-0.04844468539128485,0.01623481510133808,0.16299371804979781,0.020478623566214806,1.0,3.0064888526547473,0.0,0.0282462559479573,0.595517790399256,0.4541684015191594,0.5867218090817229,0.14134938888009663,0.00879598131753312,0.1,20.0,0.0,-0.04450703111381005,0.2204441415457576
0.02,1.00146007420605,1.026552031086664,-0.012995077214639883,0.05224370835736559,0.35378829367685105,0.11251012805014939,-0.011023310644790285,0.6291467618584528,0.15612244897959185,0.01,1.0,1.6308147041478374,0.0,0.015647132636230715,0.3697789403873717,0.3436793702996362,0.3540799883739041,0.026099570087735502,0.015698952013467604,1.0,20.0,0.0,-0.3682519800707218,0.1895344388839157
0.065,1.0016838254693714,1.0899000950155933,-0.010976696000008473,0.11933335111378601,0.4899450837955661,0.49672552347633325,0.037762782981835885,0.32984633426269694,0.1074249280131633,0.03246524064171123,1.0,2.6142967355078808,0.0,0.02569293869864195,0.492230334272135,0.5044321523004719,0.48984564619612847,-0.01220181802833692,0.0023846880760065026,1.0,20.0,0.0,-1.2375393609581804,0.3944961210741464
0.03,0.9998792017243654,1.0361588033281892,0.0005316405667453849,0.23897822785154554,0.5302020028284219,0.7297300827425907,0.06905636878641158,0.19139404760577938,0.14261168384879724,0.015,1.0,2.6496551011258744,0.0,0.03197577301148399,0.5299946489316975,0.44841666094837723,0.5302020028284218,0.08157798798332022,-0.00020735389672432714,0.7,20.0,0.0,-1.1774361153686437,0.3485794980562534
0.045,0.9998125645235849,1.0571759242229501,0.0026567401799259364,0.33247970901608365,0.5253419030907646,1.5796358326985482,-0.05076514960874279,0.0802449703386179,0.1346131471785922,0.022476439790575915,1.0,3.135462197969855,0.0,0.024698120586703176,0.5244341046553148,0.4069968475697854,0.5252720218888078,0.11743725708552943,-0.000837917233493024,0.1,20.0,0.0,0.021407004066923196,0.179365138636656
0.03,1.0081043991729814,1.0373229905586094,-0.03971007604502019,0.13534771516414232,0.3716030271757826,0.38220005613162156,0.03880707695479163,0.5456424225606804,0.11340206185567009,0.015,1.0,1.9269211074679498,0.0,0.031055130978114673,0.4265260100141421,0.5329639228272961,0.3721190230478157,-0.10643791281315401,0.0544069869663264,0.2,20.0,0.0,0.6662835909234364,0.29667252571927266
0.09,1.0088410359256879,1.0908237145936508,-0.07417015678978689,0.03208706496138717,0.5478075000482504,0.16509460748011018,0.0073164907698506365,0.5225001407099971,0.09563492063492063,0.045,1.0,2.0600918052488892,0.0,0.014045408806922122,0.5613083347808465,0.5144431174625653,0.5479541813830506,0.046865217318281194,0.013354153397795887,0.2,20.0,0.0,-0.16133400181081914,0.27316210072917824
0.04,1.000114168118401,1.0461955566351009,-0.0005043803791833315,0.06584932908782609,0.5502804487179488,0.18031974185575775,-0.0208891373169946,0.6330478677488178,0.14505208333333333,0.02,1.0,2.4438934640435583,0.0,0.04697929231808898,0.5482543498168497,0.5864375041015569,0.5503605769230769,-0.0381831542847072,-0.0021062271062272098,0.7,20.0,0.0,-1.2525948626720558,0.3753389902747862
0.086,1.0235112247902143,1.1126078225326372,-0.119376887732773,0.07617891002013209,0.45759889761146794,0.30135450610262116,-0.020045380979240912,0.5242742296079708,0.07711439621393314,0.043,1.0,3.240396335446896,0.0,0.013205760169207284,0.5205966619488235,0.5098078156719552,0.45774841994755117,0.01078884627686827,0.06284824200127231,0.7,20.0,0.0,0.9011252270136807,0.35530237583661
0.022,1.000001376272923,1.0169845573136995,0.00031223742491026316,0.03907870511617505,0.4900124160093486,0.07530862260441946,-0.01221767968727372,0.8347378878713124,0.1788668897564603,0.011,1.0,2.020086207368924,0.0,0.03976296795872425,0.4913635699678644,0.5002480931720533,0.48973853345019,-0.008884523204188921,0.0016250365176744275,1.0,20.0,0.0,-1.197370702471809,0.3255401589306302
0.06,0.9999625113272447,1.1067373532765048,0.002308376299920846,0.2855267550855188,0.543111997449516,1.492144413384086,0.040761026795454125,0.0241816183595084,0.11648936170212766,0.03,1.0,3.6007482572681218,0.0,0.01471517430139968,0.5395984683529708,0.5635113731296574,0.5432181545620426,-0.023912904776686617,-0.0036196862090718263,1.0,20.0,0.0,-0.12653021027228561,0.20614953936015729
0.068,1.0002200323043486,1.084734938592918,-0.0015480594872936092,0.14225693069151557,0.5353728087347638,0.5794623885185154,-0.021015450371773603,0.2652568028079675,0.09986430194395354,0.034,1.0,2.871863549825531,0.0,0.020479610253612807,0.5322375657651178,0.48452397985450113,0.5355592107106247,0.047713585910616696,-0.0033216449455069075,0.4,20.0,0.0,0.14216533936451503,0.17498210379763982
0.068,1.0050357513490282,1.0926540098097517,-0.04835718571748959,0.12401311678862192,0.5421729960660163,0.4936748255793896,0.020383163026020668,0.2398442605594877,0.09328452411007321,0.034,1.0,3.113867633677913,0.0,0.014531812299602043,0.5556859640542102,0.4394469863348973,0.5420351624642177,0.11623897771931291,0.013650801589992545,0.1,20.0,0.0,-0.1097020253966492,0.24645144628713964
0.03,1.0002408501961504,1.0294758309642291,-0.004246240712564006,0.16898066473130025,0.548831046388666,0.5005806070058508,-0.027480169385248443,0.3807946051942849,0.1516323024054983,0.015,1.0,1.1757686319419536,0.0,0.02650527078693292,0.5461491419179757,0.3983548344850838,0.5487278472142593,0.1477943074328919,-0.0025787052962835677,0.1,20.0,0.0,0.16389160330731745,0.16054347843742395
0.033,1.010890002778549,1.0391915763486692,-0.04679185527268759,0.10410328151195909,0.5792684454684723,0.18659131300064624,0.021515936236059963,0.9907081262078588,0.1605089154210147,0.016482936918304034,1.0,2.902513430136283,0.0,0.051914528665586525,0.6284369374960302,0.5959345643970639,0.5793625542582334,0.03250237309896631,0.04907438323779689,1.0,20.0,0.0,0.5375937618864488,0.15329113858315616
0.038,1.001024553945924,1.063940813032956,-0.006228230332876464,0.2806025520354826,0.5379515636232927,1.1102974034383286,0.08463187021133373,0.07129687930715159,0.15063190721085457,0.019,1.0,2.132482571746652,0.0,0.03836860050248042,0.5364664043986475,0.3468611277443461,0.5379515636232927,0.18960527665430138,-0.001485159224645205,0.1,20.0,0.0,-1.154814314103868,0.33740661752978224
0.086,1.0069766571917724,1.1082759800444772,-0.06455400052471405,0.018016895323434957,0.48832532150047253,0.1050311233459483,0.005058851046261803,0.8164072156707041,0.09227901887944634,0.043,1.0,3.594009046511078,0.0,0.016283978487140527,0.5072417122512328,0.4388238006390872,0.48832532150047253,0.06841791161214561,0.018916390750760292,0.2,20.0,0.0,-0.1807036486693674,0.2923452515485849
0.09,1.0003940932919626,1.139097111059476,-0.0030682436604711136,0.028612830336451404,0.5859582778453284,0.04227567922870785,0.001888207026878419,0.9452486432930451,0.12896825396825395,0.045,1.0,2.1866132408282444,0.0,0.028333067554452918,0.5853752919151564,0.5906526355542763,0.5860313772605331,-0.0052773436391199136,-0.0006560853453767557,1.0,20.0,0.0,-0.34055307250271794,0.23298333719410175
0.04,1.0005327846248693,1.0302926389185956,-0.003461973862402913,0.06954872388483055,0.5498798076923077,0.20774723285179517,0.02340099675708568,0.6050781608035232,0.14348958333333334,0.02,1.0,0.9272676235474301,0.0,0.039706745817402425,0.5499542124542125,0.48978331029199973,0.5497996794871794,0.06017090216221277,0.00015453296703304975,0.7,20.0,0.0,-1.244069117177939,0.3849475921615761
0.1,1.0293704824034529,1.12333109713176,-0.13909891763832194,0.09629415507270382,0.5455446623093683,0.5634750034850409,0.03076241869566121,0.5025640850974595,0.10055555555555556,0.05,1.0,2.137821225548319,0.0,0.028599473707650896,0.5870845712022182,0.5478525632519927,0.5456446821152704,0.03923200795022552,0.041439889086947845,0.2,20.0,0.0,0.3881877216478826,0.4064253026542737
0.092,1.0091448446528446,1.1125741774557936,-0.07538682832252086,0.17639115216735732,0.5843644465564551,1.0075407666600102,-0.028248074852859684,0.08117420631316422,0.10518818234054779,0.046,1.0,4.013101532013337,0.0,0.026990420837279344,0.5881978321025153,0.3679839876758162,0.5843288416287331,0.2202138444266991,0.0038689904737821967,0.1,20.0,0.0,-0.21040177331634125,0.2795255697794181
0.03,0.9999888592961967,1.0322640494597553,-3.8040563460729065e-05,0.18047788225896733,0.5142042196995759,0.4878315331794706,-0.026766512834062395,0.3429669395484055,0.12740549828178693,0.015,1.0,0.5716880071408673,0.0,0.015353450568083765,0.5132728790021531,0.4357558108383077,0.5142042196995759,0.0775170681638454,-0.0009313406974227334,0.2,20.0,0.0,0.03193740383296495,0.16054347843742395
0.063,1.0054416866272005,1.0806783253873578,-0.0495949095453726,0.1733482528735531,0.43763433939152785,0.803197426602177,0.02997899233178941,0.17353118734353346,0.11000999474852197,0.03146638207043757,1.0,3.040338451478118,0.0,0.013558453351092042,0.4639609591686269,0.4406069644459858,0.4374311642682249,0.023353994722641103,0.02652979490040197,0.4,20.0,0.0,-0.06849516253417187,0.250568314536315
0.049,1.0013755689347827,1.063305348633766,-0.009196690129762125,0.15676900953424555,0.42373739716706876,0.5650417901710528,-0.046587454495706504,0.26578906074130115,0.12810897229554283,0.02447423764458465,1.0,2.433200299846921,0.0,0.02853011674049373,0.42880559163728577,0.5786876848692333,0.42379925156182346,-0.1498820932319475,0.005006340075462301,0.1,20.0,0.0,-1.1878309629660686,0.37886177519229436
0.06,1.0144931552560064,1.093774094047989,-0.07783367796476148,0.037891951292974256,0.5477807058600083,0.10536001170221852,-0.009101971246901541,0.7017977296521221,0.13581560283687943,0.03,1.0,2.3288085397023304,0.0,0.03530134107606001,0.5885101035794958,0.5103453220528517,0.5477805362799563,0.07816478152664419,0.04072956729953958,0.2,20.0,0.0,0.7830221290168513,0.31779374317242365
0.048,1.0000730562137212,1.0675059320239302,-0.001695284394676512,0.08952570984151147,0.4444157176490817,0.24616867504778064,-0.01268761799388568,0.7082869769532569,0.10035889355742296,0.024,1.0,2.92597543295204,0.0,0.009530853346306004,0.44389140196681415,0.4283604969362984,0.4444814379435087,0.01553090503051574,-0.0005900359766945473,1.0,20.0,0.0,-0.1150931564086961,0.19472900323105566
0.09,1.0059581079766542,1.1357901076638102,-0.06386564779537474,0.04755817928027886,0.4914708905101037,0.18247585480497633,0.0077870216605793185,0.5931447158555034,0.07371794871794872,0.045,1.0,3.5743610134935264,0.0,0.009647109068251641,0.49749351031594385,0.496601642551228,0.4913976704688013,0.0008918677647158368,0.00609583984714257,1.0,20.0,0.0,0.11065029969949691,0.2747310202233994
0.01,1.0030849113183233,1.0072780843608546,-0.01369021730117459,0.10837626428630792,0.4556397306397306,0.13252572993803893,-0.02733181823953973,0.7433794629778325,0.21136363636363636,0.005,1.0,1.5826277924617704,0.0,0.0706151643416778,0.49351851851851847,0.0,0.4563973063973064,0.0,0.037121212121212055,0.0,20.0,0.0,0.6169872303197157,0.2532097306766585
0.03,1.001782217037869,1.0318724058376372,-0.01762374690575308,0.10548837348875698,0.5281469377874606,0.2656635748196362,0.018097777405344462,0.4042405945914065,0.14518900343642613,0.015,1.0,2.5884235726580034,0.0,0.029508556000829446,0.5320650027392373,0.6272763868056357,0.5281469377874606,-0.0952113840663984,0.003918064951776712,0.7,20.0,0.0,-0.22908575395483055,0.20804818694171023
0.082,0.9989402226844036,1.094942027875976,0.007178082690109444,0.14356087602184534,0.5221467187698124,0.6402026072309283,-0.04014275561451364,0.2277486248127366,0.10751102609065306,0.041,1.0,2.3506273215702227,0.0,0.037138006394275724,0.5212230982928151,0.48684932515175555,0.5221481596753927,0.03437377314105955,-0.000925061382577641,0.1,20.0,0.0,-1.2123169151716156,0.42067996073086167
0.056,1.002567311735811,1.0701027174663713,-0.02983947125541231,0.10821454229347002,0.4799066353467218,0.32532194647528856,-0.015679919459880842,0.5210772890185389,0.1102451573849879,0.028,1.0,2.8370959338842017,0.0,0.023029131955861704,0.48202173673548493,0.5328141620572279,0.47950766670549144,-0.05079242532174294,0.002514070029993487,0.4,20.0,0.0,-0.16955829589731586,0.24253406910696018
0.048,1.0120628293210914,1.0807357211935005,-0.061535063815520985,0.01553023436817582,0.5525890489322726,0.04235334595898577,0.00448633766554507,0.6376630588875833,0.11436449579831932,0.024,1.0,3.046829404472716,0.0,0.03671961532631433,0.5917232109199849,0.47478179297481343,0.552654975894292,0.11694141794517149,0.0390682350256929,0.2,20.0,0.0,0.6303870863419334,0.32059030200590644
0.04,1.0035076777287129,1.0407067358968323,-0.028418086152866173,0.1515602194880287,0.48159913003663,0.5577331080880498,0.027666603291523095,0.15430127762382928,0.15208333333333332,0.02,1.0,1.2808294149957409,0.0,0.01800860172313537,0.5059981684981686,0.5090413611197299,0.4814331501831502,-0.003043192621561275,0.024565018315018394,1.0,20.0,0.0,-0.4179213936396331,0.22825825694120763
0.06,0.9996867098559843,1.0820977946772625,0.0003456470711771936,0.0030172681393808246,0.5509988265060404,0.03226108353197237,-0.0034351064533076903,0.9674540556373785,0.1200354609929078,0.03,1.0,1.4457314835937733,0.0,0.042156253725930265,0.5507854948006755,0.5634308769910513,0.551104983618567,-0.012645382190375809,-0.00031948881789145567,1.0,20.0,0.0,-1.1718796337793405,0.3665618169856107
0.01,1.0031906180308507,1.0191446700121083,-0.013817733778067387,0.08428794667339011,0.6695286195286195,0.061321011270646306,0.013535632395976216,0.6030984012162399,0.275,0.005,1.0,1.5783960271907123,0.0,0.12692373201111057,0.6787878787878787,0.22084205150470212,0.668939393939394,0.45794582728317657,0.009848484848484773,0.1,20.0,0.0,0.45655938432110466,0.25100031880626417
0.01,1.0007043933743232,1.0109568363957646,-0.006696919753037656,0.30916417833727805,0.5984006734006734,0.4841701634746206,-0.04697999539414083,0.3481916469397862,0.2204545454545455,0.005,1.0,1.0269629732900103,0.0,0.03839344931340419,0.603030303030303,0.4969180605703338,0.599074074074074,0.10611224245996925,0.0039562289562290465,1.0,20.0,0.0,-0.07428676728952333,0.17425274949344574
0.018,1.000369759075324,1.0185429997625732,-0.00525237530341105,0.3578734783750238,0.5598438419399484,0.9683834216486946,0.05751190560533587,0.07072399586096495,0.2299728445349627,0.009,1.0,1.7208559164059503,0.0,0.03258218265778258,0.562721173847824,0.48964881278961786,0.5605234206011785,0.07307236105820619,0.0021977532466455063,0.2,20.0,0.0,0.012689430127779122,0.14186240313526308
0.045,1.011664020210399,1.0747635309019758,-0.05911025709557949,0.07608435712390166,0.541544484094907,0.2672512242435735,0.02436200969994451,0.6223524771030335,0.13996509598603837,0.022476439790575915,1.0,3.3694244168826497,0.0,0.05020253432188666,0.5747275399845341,0.6236204983668391,0.5421033146472314,-0.04889295838230501,0.03262422533730269,0.7,20.0,0.0,0.6508473972906521,0.31437397052133925
0.07,1.002679085035581,1.0775875183867405,-0.017329978539314575,0.10227316353487828,0.4451009038491507,0.3929607413785545,0.029019599706491983,0.3717381953054316,0.0848694316436252,0.035,1.0,1.879159093444608,0.0,0.018349775703392843,0.4513440860215054,0.5270583531224783,0.44514765466728995,-0.0757142671009729,0.006196431354215437,0.2,20.0,0.0,-1.1794151775325667,0.40663459871060664
0.073,1.0221131384857114,1.1007546407854611,-0.103297248278434,0.09784694069362503,0.4211470693994966,0.37584964854352254,-0.025517715966577315,0.2860731386626174,0.09146828035643038,0.03646062567421791,1.0,2.9412318632869803,0.0,0.019579076569322895,0.49422330097087386,0.5015200588905873,0.4211470693994966,-0.007296757919713404,0.07307623157137727,1.0,20.0,0.0,0.6688597819888225,0.3619356885037789
0.08,0.9998519312420763,1.0892233569852288,-0.001064554784895623,0.02815234573667147,0.49593329726816343,0.10535331753635016,0.009464173900125328,0.7641274132076956,0.09307065217391304,0.04,1.0,3.9719920300049893,0.0,0.02001528780641461,0.4952052308932086,0.4481698499337132,0.49605703246247407,0.04703538095949539,-0.0008518015692654535,0.1,20.0,0.0,-1.232946673699531,0.4269672842091038
0.069,1.004557472580026,1.0709679122083058,-0.04480244905978703,0.051239449183848415,0.561733177597489,0.14920690860347866,0.007508976357951502,0.6220824255233601,0.11712121919706098,0.03446294307196563,1.0,1.8374475792330534,0.0,0.026805396593499828,0.57285521226525,0.4957620835755883,0.5617796277672801,0.07709312868966173,0.01107558449796997,0.1,20.0,0.0,-0.17163909627757556,0.2711334020965943
0.063,0.9994988384466754,1.076661358549251,0.008512621505465709,0.06005651808804308,0.466119979298893,0.1942663675640457,0.009114558572799414,0.9690854221200229,0.10286967864342464,0.03146638207043757,1.0,2.8191700948533587,0.0,0.012388743412209996,0.4670851424046312,0.4883170719087208,0.46617069180966936,-0.021231929504089586,0.0009144505949618686,0.7,20.0,0.0,-0.02446914456420579,0.17806991669807903
0.09,1.0001961253138687,1.1324321979322685,-0.0031276513840549844,0.1428174731201096,0.556040231216104,0.6963925783957216,-0.04058095568199316,0.1911744139842717,0.13083028083028084,0.045,1.0,3.741082157303411,0.0,0.047764251008516015,0.5557100775867061,0.4528002956154454,0.556040231216104,0.10290978197126072,-0.00033015362939792237,0.1,20.0,0.0,-1.178133162292891,0.4306055166727177
0.079,1.0218438582051723,1.1007337072401016,-0.10722147851688435,0.07120185094226514,0.5458469828719558,0.24572449084336545,-0.01713432810196691,0.6013822611294104,0.10719979658873816,0.039457111834962,1.0,3.097164987478503,0.0,0.03038683514634888,0.5857655032465022,0.5781826597247844,0.5458871968101066,0.007582843521717786,0.03987830643639567,1.0,20.0,0.0,0.5031609433454971,0.3527788632808071
0.01,0.9999391891185021,1.0167966159044681,0.0003957148874287608,0.3034118323718815,0.7159932659932661,0.5211958651530239,-0.04965048963959773,0.18611918721614706,0.35757575757575755,0.005,1.0,1.101828049944643,0.0,0.058233498055625055,0.7158249158249159,0.4879331056550315,0.7165824915824915,0.2278918101698844,-0.0007575757575756237,0.1,20.0,0.0,0.08962140438769328,0.1279514131371135
0.035,1.0023603276640485,1.0413237219965348,-0.022326015432205915,0.07418063741695057,0.46461257864142874,0.17738510358459772,-0.011909467456394818,0.7243181376991179,0.12383419689119171,0.017481865284974092,1.0,2.724876156126668,0.0,0.01713260981041087,0.489493677120658,0.5518418706448724,0.46470668743118965,-0.062348193524214446,0.024786989689468353,0.2,20.0,0.0,-0.09169244069405824,0.21951868173250283
0.064,0.9993989961700145,1.0807033158185577,0.003935618110669704,0.04451641387262751,0.4901857401857401,0.14847620361682598,0.01343195917900164,0.6713399317959987,0.10426682692307693,0.032,1.0,2.015379520655706,0.0,0.024118559032853815,0.4848299848299848,0.5185449021553377,0.4901857401857401,-0.03371491732535287,-0.005355755355755332,0.2,20.0,0.0,-1.1681612112471966,0.4109212470383612
0.098,1.0289315656481677,1.1389916880647424,-0.13610888347328287,0.06948188169168133,0.5460021029788472,0.29175912353889555,-0.01875725980397508,0.8827425662995202,0.1052762568442011,0.049,1.0,2.8085567943399745,0.0,0.02508272415548706,0.5764316615770104,0.5086928432102619,0.5459339379397519,0.06773881836674855,0.030497723637258556,0.1,20.0,0.0,0.3404305647453332,0.3956532673814364
0.071,1.0003672880644883,1.088895320189585,-0.0026066418686722,0.0942311733568733,0.41051044883307025,0.3684449192191518,0.028679108712447277,0.4089269450661981,0.09854606649585348,0.03546178686759957,1.0,3.523956876052801,0.0,0.03114255139512874,0.4090414670174743,0.44519903677936307,0.41051044883307025,-0.036157569761888775,-0.00146898181559596,1.0,20.0,0.0,-1.2559087752031568,0.4297822109561999
0.039,1.0107306168709926,1.0477039635094931,-0.05217954557070548,0.2325351448048656,0.5227509186037224,0.724127575322071,-0.056804735775440374,0.5085161692456279,0.15491341818084794,0.019479708636836627,1.0,1.9058308930404708,0.0,0.03275340539221988,0.576830966930266,0.5428007437353232,0.5225911614346194,0.034030223194942866,0.054239805495646665,0.4,20.0,0.0,0.6572583738236331,0.3213639810498903
0.073,1.0000907753541803,1.102045101105482,0.00024850089776830286,0.005142701952858318,0.43153182308522114,0.0064850333754472205,-0.00033490667615609926,0.9775027416907094,0.08139749671203322,0.03646062567421791,1.0,3.5088769739162404,0.0,0.0047495875909207425,0.4296422150305646,0.4633008594734979,0.43148507731032004,-0.033658644442933316,-0.0018428622797554417,0.2,20.0,0.0,0.030631248406761458,0.18821667574567622
0.033,1.00165744938214,1.0494352818745316,-0.018042637564879227,0.1956210846349219,0.5370858557693933,0.6039478772519554,0.03133697647038841,0.24197555237173818,0.15943561781203974,0.016482936918304034,1.0,2.186578103171766,0.0,0.014990622844445176,0.5341597425323364,0.5550634819232882,0.5371793818421898,-0.020903739390951803,-0.0030196393098533836,1.0,20.0,0.0,-0.1543760158326979,0.21318046705845192
0.01,1.000004318610941,1.0141672811679994,-3.161728626975254e-05,0.07479779589647041,0.42264309764309765,0.08720328668482344,-0.011430307351411095,0.7542292301224107,0.2601010101010101,0.005,1.0,0.5714878409799566,0.0,0.030650999548816366,0.42441077441077435,0.4273569023569024,0.42239057239057237,-0.00294612794612803,0.0020202020202019777,1.0,20.0,0.0,-0.17324185664966585,0.13469081975924446
0.08,1.0189510902245802,1.1025091339016317,-0.09987846974086734,0.10493554663166396,0.5053933381092692,0.5237548682510129,0.030762529873680333,0.3227616589640039,0.09578804347826086,0.04,1.0,1.5364413838708826,0.0,0.03101456181655711,0.5455954385222799,0.48160080660080656,0.5053545394429485,0.06399463192147331,0.04024089907933137,0.2,20.0,0.0,0.2040467363025118,0.3682359268891318
0.02,1.0064006327476571,1.0131257968812752,-0.028098979979811478,0.04573816316956168,0.3168188571464307,0.0840434060928257,0.013137269750999714,0.37366716907253816,0.17270408163265305,0.01,1.0,0.735493435857453,0.0,0.01642999162051778,0.4141900908378085,0.4333037024932061,0.31715819977766285,-0.0191136116553976,0.09703189106014565,1.0,20.0,0.0,0.653526726657427,0.13936203438262237
0.05,1.0026880273857666,1.0749526724131309,-0.030387200326111752,0.09924458602337774,0.41607097556907996,0.3140176815545145,0.016227902985323728,0.6305003729350875,0.10078947368421053,0.025,1.0,2.603047878274691,0.0,0.011746416577482058,0.43286845645098276,0.5289985670194004,0.4159434008798983,-0.09613011056841764,0.01692505557108448,0.1,20.0,0.0,0.05862242954177033,0.22203633524808955
0.01,0.9999832386967812,1.0037544401169511,0.0002967671216982798,0.33969219178795973,0.6673400673400672,0.6555587179780573,-0.11202263417923292,0.2335759329443612,0.33813131313131317,0.005,1.0,0.6054350100571486,0.0,0.11674863106795261,0.6654040404040403,0.5252267301550938,0.6673400673400671,0.14017731024894653,-0.0019360269360267912,1.0,20.0,0.0,-1.2677133400490581,0.29473823487897277
0.046,1.0005286090174341,1.0554282771704064,-0.006180435490416136,0.14723227243699866,0.5927148846960169,0.49693270536895157,0.02276519336905003,0.46769281587673883,0.14963312368972748,0.023,1.0,1.7934151707413872,0.0,0.029909969143118956,0.5946628232005591,0.604389245014245,0.592719252271139,-0.009726421813685882,0.001943570929420102,0.7,20.0,0.0,-0.045436944870592466,0.17685139318349258
0.08,1.0061536315716,1.110053349843629,-0.058129688321925777,0.026653742701868224,0.45674340937730395,0.09386030765396466,-0.004565130317012944,0.7558295104115085,0.103125,0.04,1.0,1.9212060927073014,0.0,0.012270245579961689,0.474525036290097,0.48308116443662213,0.4567851700053838,-0.008556128146525122,0.01773986628471319,1.0,20.0,0.0,-0.11802658765144836,0.251634796097221
0.08,1.0211002277536718,1.1319498158635202,-0.11047379204496721,0.16257166343395882,0.5122730755674487,0.7296581757956547,-0.04019219895406928,0.14832870479728547,0.10448369565217391,0.04,1.0,2.201369860402606,0.0,0.023150560210471682,0.5536584139942239,0.5511213471657149,0.5122715288775197,0.0025370668285089604,0.041386885116704186,0.7,20.0,0.0,1.0259019944068815,0.35141497881142764
0.04,1.0108027105324153,1.049623301025494,-0.05287643640259243,0.1449010066362376,0.449845467032967,0.40504354425745875,-0.036145393628980255,0.9037153498663676,0.11588541666666666,0.02,1.0,1.7675790687132176,0.0,0.019999342328097948,0.5305231227106227,0.5037085215572583,0.4499255952380952,0.026814601153364426,0.08059752747252752,0.7,20.0,0.0,0.5843604389417516,0.30723956979801353
0.1,1.0059690508870478,1.1419016803057123,-0.05867143121733509,0.006821430596423255,0.5208467023172906,0.004308575292696261,-0.0002074388253241466,0.4252953523923597,0.08583333333333333,0.05,1.0,2.204481570713461,0.0,0.008430338958969441,0.5279689047336106,0.5114561111214891,0.5207803525450584,0.016512793612121435,0.007188552188552189,0.7,20.0,0.0,-0.32406862412039183,0.2777670042072109
0.096,1.0000035282004254,1.1517523864351893,0.002480922320012603,0.07411731447891791,0.4812105344216849,0.31168806422020134,-0.011005109111277778,0.5639308858829956,0.07962297197640118,0.048,1.0,3.329530563397527,0.0,0.009050872640888857,0.47837632376992073,0.5039409904454026,0.48117604214795423,-0.025564666675481906,-0.0027997183780335,0.4,20.0,0.0,-0.164867230043376,0.2212450102918264
0.079,1.0000016564271572,1.111207287233679,0.0014889370479279282,0.0642548218513711,0.46510976858425285,0.2361266987072453,0.009322544553644618,0.49682485752443295,0.09128080374936433,0.039457111834962,1.0,3.218670373823328,0.0,0.008753390946727932,0.4656480166795041,0.5431238437907467,0.4650262473280932,-0.07747582711124262,0.0006217693514108946,0.2,20.0,0.0,0.058462463451354196,0.1883021732619722
0.048,1.0041317929897475,1.0526571923135934,-0.03827631012903554,0.03599388465675323,0.5055977984114702,0.1335706059733493,-0.00812586086666145,0.8266789188742549,0.14272584033613445,0.024,1.0,2.6025405396175265,0.0,0.021346471075856667,0.5245043697795766,0.5017518494421552,0.5053349172337626,0.022752520337421367,0.019169452545814036,1.0,20.0,0.0,0.08630789519798965,0.22685392942707297
0.06,1.0003039988078775,1.0776558036222064,-0.0033004863459303443,0.06272635356536634,0.5620506976523338,0.18044822688003864,0.008517844758104243,0.8672715064849879,0.12455673758865247,0.03,1.0,2.498781243542176,0.0,0.020477291098449577,0.561515842168454,0.48400952687940046,0.5619974495160186,0.0775063152890535,-0.00048160734756463874,0.1,20.0,0.0,-0.06029160840685632,0.20734214680440644
0.048,1.0001159133770332,1.052069248233708,-0.0002381246540551392,0.08795325578880649,0.5951927464635042,0.286304568081758,-0.027138266787191556,0.507308048622966,0.14517682072829133,0.024,1.0,2.5272473486522995,0.0,0.05051856812928908,0.5953239803847655,0.4305974486352168,0.5951927464635042,0.1647265317495487,0.00013123392126135336,0.1,20.0,0.0,-1.2189165738732513,0.38463913171717995
0.061,1.0169306171479453,1.094556919012331,-0.08342435478310217,0.12784375437867768,0.5387976063694914,0.477562982731313,0.03587042949400149,0.4112638203361827,0.11179926325529425,0.03046751863684771,1.0,2.6991259312384868,0.0,0.030767522337860523,0.5785841066991227,0.43797058287241303,0.5387468938587149,0.14061352382670972,0.039837212840407865,0.1,20.0,0.0,0.8200768436989194,0.348525714262466
0.03,1.0006705437185632,1.0405263318810576,-0.004204248367069827,0.22228331514403005,0.5943355119825707,0.771532818517605,-0.07202660262255695,0.17842557505422219,0.20189003436426115,0.015,1.0,2.5360263646437926,0.0,0.07507238008005647,0.5935127852310514,0.496003432806825,0.5938207901744194,0.09750935242422643,-0.0003080049433679122,0.2,20.0,0.0,-1.2286887392660715,0.3485794980562534
0.01,1.0001704442731043,1.010840267763086,-0.0023643234971678917,0.1643032672091014,0.6264309764309764,0.21630163682281572,-0.023457141824482497,0.5556791372143177,0.26641414141414144,0.005,1.0,0.593836841542072,0.0,0.038083323731556776,0.625084175084175,0.5449688469694365,0.6255050505050505,0.08011532811473854,-0.00042087542087543284,0.4,20.0,0.0,0.06434002340291389,0.11934384127176881
0.04,0.9999920467539332,1.0299695145866394,0.0003837994844235332,0.2365668989402429,0.48816964285714287,0.866227427071739,-0.03601940423924582,0.20597789541099487,0.12083333333333335,0.02,1.0,2.863295093055409,0.0,0.019693897436841856,0.48945169413919415,0.42214877411491764,0.4883184523809523,0.06730292002427651,0.0011332417582418652,0.2,20.0,0.0,0.09466845600940443,0.1791621274729369
0.096,1.006149973001699,1.1738792507119533,-0.06527794094737971,0.09785568722019235,0.4962221219921821,0.47151829308686644,-0.01659864286521473,0.433894691544331,0.10928281710914454,0.048,1.0,2.4841154612911724,0.0,0.019256330946443606,0.5139597451101187,0.501688800998632,0.4962568434504558,0.012270944111486659,0.017702901659662873,1.0,20.0,0.0,0.10552793605793243,0.24608463725317134
0.06,1.0160981028979152,1.0956146492507617,-0.0805743408808246,0.1385849628929314,0.47720742353635454,0.4779760633380409,-0.03275849158952013,0.385693745672815,0.100177304964539,0.03,1.0,0.7714622018630605,0.0,0.03236439666661651,0.5207060635043379,0.4692699893010974,0.47720742353635454,0.05143607420324048,0.043498639967983366,0.1,20.0,0.0,0.6291363643902996,0.32892817729348817
0.1,1.0001202226975863,1.1458829872525855,4.490541213596905e-05,0.05856845554136921,0.5165309962368786,0.1958044683705557,-0.007415302946485514,0.5186406280695295,0.09583333333333333,0.05,1.0,6.5307206252904155,0.0,0.010527252118932684,0.5163289760348584,0.5789640063066869,0.5165309962368786,-0.06263503027182848,-0.00020202020202020332,0.2,20.0,0.0,-0.16071456472574708,0.23172253824711717
0.08,1.006899647779689,1.1004708208856506,-0.06130402591907291,0.023977133441409056,0.44753320445059314,0.08072466237144735,0.003938025964738356,0.8760444659238753,0.11046195652173912,0.04,1.0,6.3130164901871755,0.0,0.011426645761098989,0.46214147853812043,0.507568061050529,0.44749285909434366,-0.04542658251240855,0.014648619443776767,0.1,20.0,0.0,-0.1677947746939541,0.27099132359399397
0.03,1.000630236660695,1.0440359401076005,-0.004231999734989195,0.24371067642623492,0.45512205531985367,0.7395737175148324,-0.07096494416548438,0.1903056498444794,0.15051546391752577,0.015,1.0,4.54366160363336,0.0,0.04620445032476239,0.4538830281950337,0.4294365338348262,0.45512237383582416,0.02444649436020746,-0.001239345640790479,0.7,20.0,0.0,-1.2375377732131543,0.3666156631602321
0.02,1.0058430470085982,1.042951679854004,-0.02738965136142446,0.18942967612591474,0.5878100800991554,0.45898997684237175,0.05644670844315858,0.275431430193984,0.18341836734693878,0.01,1.0,3.7459317204470004,0.0,0.04307179455470051,0.6106935960878663,0.587858290384723,0.5885633641585687,0.022835305703143294,0.02213023192929764,0.4,20.0,0.0,0.8287665011297438,0.278370316772898
0.03,0.9998805225585532,1.0463802529930664,0.0009845525741812144,0.045088064510501104,0.35248060237740325,0.10201826845391179,-0.007087434279504146,0.8420347571433683,0.11065292096219931,0.015,1.0,4.425696743284061,0.0,0.005987458056404382,0.35279147396450455,0.4554886586401698,0.3524806023774032,-0.10269718467566524,0.00031087158710135787,0.1,20.0,0.0,-0.1922980896636317,0.16007899418297586
0.09,1.0068562509040215,1.1042423897848035,-0.06005054583306124,0.0014630286792957031,0.4717851938702642,0.029429881505724464,-0.0014267681450708114,0.5703272025918513,0.08257020757020758,0.045,1.0,6.173897701705216,0.0,0.010083896334145956,0.4970147453341826,0.534276073423782,0.47178519387026424,-0.03726132808959942,0.025229551463918365,0.4,20.0,0.0,-0.38671548397932654,0.29339785515124894
0.02,1.005668247095586,1.0259489880630648,-0.026150922574089686,0.04278634550441502,0.43629694549939946,0.06060039466625716,0.009480982743818867,0.5843286730306125,0.1961734693877551,0.01,1.0,3.4660725156100463,0.0,0.03649162891664655,0.4917978548304433,0.4825805342151281,0.4364430161976174,0.009217320615315217,0.05535483863282592,1.0,20.0,0.0,0.17620675989959578,0.27917866226744975
0.01,1.0000211822300498,1.017271261241237,-0.0005171014788108164,0.42885880441908425,0.5716329966329966,0.8046200112049097,-0.13051117345561886,0.15398789625865741,0.25277777777777777,0.005,1.0,2.2427402296057752,0.0,0.06333416889594502,0.5719696969696969,0.49041829016328237,0.5716329966329967,0.08155140680641454,0.00033670033670019084,0.7,20.0,0.0,-1.1454519885716865,0.27359797752774373
0.04,1.002912446672929,1.0389237061319943,-0.0290210267230413,0.015728646510911715,0.5517628205128206,0.011887157752884911,-0.0008640566685410023,0.9748160208444278,0.14817708333333335,0.02,1.0,5.105364688445709,0.0,0.026896658251963496,0.557967032967033,0.3309269135854835,0.5515281593406594,0.2270401193815495,0.006438873626373631,0.1,20.0,0.0,0.04323893836193893,0.22825825694120763
0.08,1.0227611558564846,1.1019633361772367,-0.10961534005362061,0.05156402305225413,0.4063043647610011,0.18827924157169817,0.014202065935033814,0.6207337876256015,0.0794836956521739,0.04,1.0,5.951896780555508,0.0,0.012182725157043689,0.4739899017928724,0.42132586093969615,0.4063447101172506,0.052664040853176275,0.06764519167562183,0.1,20.0,0.0,0.5412412219714313,0.37260107467971815
0.02,0.9997810844272303,1.0216704920005422,0.0007783698979342002,0.17047192127691896,0.4718306902130845,0.3238670999963272,0.04625852683741383,0.46630874731590044,0.20510204081632652,0.01,1.0,4.235892925040552,0.0,0.04608659247639478,0.472847378008632,0.5312152290188886,0.471660348848394,-0.0583678510102566,0.0011870291602380512,0.1,20.0,0.0,-1.1856566151447392,0.3368300415694317
0.09,1.0068075427973195,1.1078450242298612,-0.06739358796540529,0.024613572628564638,0.4587285044293903,0.0656126390462794,0.0031678067805832044,0.9400726171917856,0.08363858363858365,0.045,1.0,6.264644241669249,0.0,0.008600207946911645,0.49371381217069077,0.5457422356990284,0.45865540501418556,-0.052028423528337586,0.03505840715650521,0.4,20.0,0.0,0.1359521622806379,0.24059501824770088
0.09,0.9986375370785437,1.0959762406027131,0.01405605288913615,0.010018388028377087,0.5413416999594697,0.013380271924400871,-0.00062448482694899,0.8272213968929936,0.10821123321123322,0.045,1.0,6.204098758623365,0.0,0.013933799607317068,0.5446013789975489,0.4465774005351581,0.5413416999594696,0.0980239784623908,0.003259679038079333,0.1,20.0,0.0,0.10073838556974479,0.18167105687169033
0.03,1.0002329090264952,1.0258034250353332,-0.0014606848676187063,0.14253797360456447,0.46807004803220836,0.4175538128746658,0.047840119396362235,0.37766341148263516,0.14390034364261167,0.015,1.0,4.540204943557717,0.0,0.04378674985206668,0.4672466842487483,0.5169472631898826,0.46807004803220836,-0.04970057894113428,-0.0008233637834600405,0.7,20.0,0.0,-1.253484424620145,0.377443750346843
0.02,1.0010218760870382,1.029277158477232,-0.010699912647722853,0.021067693229368946,0.495600159977939,0.08067396741996503,0.007790354149680101,0.9716139239850982,0.15841836734693876,0.01,1.0,4.125120195713642,0.0,0.03343430046276502,0.496862234634509,0.5201268204895573,0.49533318264674153,-0.02326458585504826,0.0015290519877674824,1.0,20.0,0.0,-0.3091961343256777,0.2138945517019664
0.08,0.9994969739230165,1.0889293333827688,0.007370087981056331,0.030478198641093347,0.44874645633624577,0.09500824756762562,0.004298378518722723,0.6038945604146395,0.07880434782608696,0.04,1.0,6.125372090481742,0.0,0.007770375470561058,0.44648201129860027,0.5654502069155384,0.4486643503519165,-0.11896819561693811,-0.002182339053316218,0.1,20.0,0.0,-0.1105299582835797,0.19323536504473196
0.01,1.0000204086683446,1.0159720582356857,-0.00027102686747915335,0.09471307220405847,0.44486531986531985,0.14420071850342217,0.01652095788272434,0.6698088921793867,0.27222222222222225,0.005,1.0,3.1244962679395254,0.0,0.023092037887267977,0.4446127946127946,0.4279461279461279,0.4446127946127946,0.01666666666666672,0.0,1.0,20.0,0.0,-0.1660875699995974,0.13699502487649645
0.08,0.998153326305919,1.0988929986596583,0.011183127294334093,0.045416534405798445,0.456652437725866,0.19582446468525008,0.015970882959330135,0.6234541951409287,0.10163043478260869,0.04,1.0,6.160536188716961,0.0,0.0232347319317191,0.45823907875670306,0.44475622870158976,0.45661222378771504,0.013482850055113293,0.0016268549689880119,0.7,20.0,0.0,-1.187901231607455,0.4256389181316194
0.03,1.0098490962432876,1.0267625709675656,-0.04184072221739821,0.16407481927640363,0.46670934780669904,0.44213397043614855,0.04482183134530304,0.7793453016768591,0.1874570446735395,0.015,1.0,4.585650859466939,0.0,0.04273075464295583,0.526431410770936,0.3937113853441594,0.4668125469811057,0.13272002542677663,0.059618863789830334,0.1,20.0,0.0,0.4399379654523723,0.1496549481722161
0.02,1.0000749327639047,1.045783749958999,-0.0018291817332755783,0.05114625586006291,0.38905342316160124,0.09440108981008638,-0.008301155823517203,0.662266541177928,0.16454081632653061,0.01,1.0,3.780405750207923,0.0,0.018609806169319787,0.3858690521604913,0.6192360680923286,0.38919994055920215,-0.23336701593183728,-0.003330888398710874,0.1,20.0,0.0,-0.06069796196725319,0.16730738489865588
0.03,1.0018550450435233,1.0706350389743464,-0.018103539773039246,0.058734875644922975,0.42405368905196905,0.11907292864256558,0.008931982444433773,0.6177575756294793,0.16048109965635737,0.015,1.0,4.4831524747809866,0.0,0.013524385776971487,0.4377603868057945,0.5570590273102054,0.4239504898775625,-0.11929864050441091,0.01380989692823198,0.2,20.0,0.0,-0.29721881094178215,0.21506491312197104
0.07,1.0060700339599022,1.0761477918666993,-0.05519886224535864,0.03489161437638569,0.4917796478105034,0.14101940896877938,-0.00723397843807827,0.8389862569520585,0.11674347158218126,0.035,1.0,5.927024461787067,0.0,0.01919423780198437,0.5098001402524545,0.5177926038891573,0.49191990026492133,-0.007992463636702807,0.01788023998753313,1.0,20.0,0.0,0.015440597266723532,0.2496374997064879
0.06,0.9981324009874055,1.092140062489947,0.01183392216247825,0.24709391769219216,0.5513045793397231,1.1950293544781543,-0.06955083640541182,0.0634025459839667,0.10381205673758867,0.03,1.0,5.746053865058091,0.0,0.028529384637887054,0.5531669074703404,0.37211239815494057,0.5512513312034079,0.1810545093153998,0.001915576266932506,0.1,20.0,0.0,-1.2315559437906907,0.39787859826942507
0.02,1.005639288730187,1.0136734154180984,-0.02620506160603675,0.20264341515585596,0.4705826121371796,0.40441951973110685,-0.0518670265589552,0.2944486465700318,0.15459183673469387,0.01,1.0,4.0250498069300145,0.0,0.029350496322295666,0.5176839351714119,0.5432588075880759,0.4702918108388925,-0.025574872416664007,0.04739212433251938,0.7,20.0,0.0,0.2837564776519592,0.28744342927816935
0.01,1.000107348345374,1.0162535183190406,-0.00042663268947558744,0.5630668423630011,0.6091750841750841,1.147430084962554,0.16689716873967653,0.06554212482920609,0.272979797979798,0.005,1.0,2.965587058653987,0.0,0.10632788914304521,0.6063131313131312,0.0,0.6088383838383838,0.0,-0.002525252525252597,0.0,20.0,0.0,-1.1959278936287325,0.285623740627581
0.05,0.9993577512486808,1.0672156914176163,0.009955661451720638,0.055255915327367726,0.4119759112365946,0.16131905857843692,0.008549723937291032,0.4820110017642336,0.13552631578947366,0.025,1.0,5.307399010845847,0.0,0.011165358781152143,0.4149297032633282,0.5831543712149582,0.41191038668392327,-0.16822466795163,0.003019316579404907,0.1,20.0,0.0,-0.05262227610265402,0.18712103905969432
0.08,1.0046288175166342,1.1120889037740356,-0.048477449442883125,0.3310579887044931,0.603361345404308,2.1017504325354066,-0.05036468572759614,0.008319061130805393,0.12269021739130434,0.04,1.0,6.039166895786102,0.0,0.02379089129023728,0.606894905128567,0.5384511160732396,0.6034406208449767,0.06844378905532744,0.003454284283590292,0.2,20.0,0.0,-0.22427418185521297,0.26040607450687653
0.01,1.0007299436553938,1.010992836739836,-0.006802923544796058,0.0693123827435559,0.3636363636363636,0.09020760181677413,-0.011810372111255352,0.6762344797665583,0.23813131313131314,0.005,1.0,2.2944817216742557,0.0,0.021051806274394867,0.37668350168350173,0.726333219301044,0.3636363636363636,-0.34964971761754227,0.01304713804713814,0.1,20.0,0.0,0.022765972182127392,0.1704831763120336
0.04,1.0025715514468525,1.048456050267209,-0.025166217180261352,0.03810183191469593,0.4655391483516484,0.08136558741766618,0.0054238126652274565,0.9063732858224626,0.09375,0.02,1.0,4.976604355931371,0.0,0.012244011692444962,0.4688587454212454,0.32905413017496427,0.4653044871794872,0.13980461524628113,0.0035542582417582014,0.1,20.0,0.0,-0.13595142644428515,0.23016802343568057
0.1,0.9988649980161513,1.1646945238997095,0.01635984861442169,0.04774869355950589,0.48087542087542084,0.2043711463136137,-0.007650619970180128,0.4934331680848245,0.07250000000000001,0.05,1.0,6.569562967574282,0.0,0.013629450410617416,0.48175084175084176,0.561176956103703,0.48087542087542084,-0.07942611435286123,0.0008754208754209181,0.2,20.0,0.0,-0.1629958449198443,0.21889420912184768
0.07,1.0172540771022396,1.1023821243029153,-0.09113276018188343,0.16044040970911375,0.5904764687548699,0.8438721304132967,0.04728589313235115,0.3511898474026913,0.09393241167434715,0.035,1.0,5.846426881328843,0.0,0.03917705808012446,0.6163277232351566,0.48066753736108575,0.5902914134330683,0.13566018587407086,0.026036309802088264,0.1,20.0,0.0,0.6232645945283966,0.33050599214834964
0.02,1.004971628172917,1.0135349225935915,-0.025369207799041726,0.25190344015456156,0.5250668336726759,0.7829971499019839,0.08091037141831814,0.16662802119206266,0.1798469387755102,0.01,1.0,3.9779027418114308,0.0,0.04985363803300292,0.5678908612155643,0.5846977627515416,0.525552247002126,-0.016806901535977303,0.04233861421343832,1.0,20.0,0.0,0.6469176730112944,0.2620957848765951
0.05,1.000255744740806,1.0509874991575687,-0.004677745964953614,0.09887268207502113,0.552183088225507,0.26624974478987395,-0.01300315601233376,0.4974829292417303,0.14578947368421052,0.025,1.0,5.3675321305730606,0.0,0.01992533387222549,0.5538916690742902,0.4592846579294363,0.5520589879524864,0.09460701114485393,0.001832681121803792,0.4,20.0,0.0,-0.055430117919727184,0.20108518557654442
0.1,1.0073986205910073,1.1276043076356608,-0.07171071614174207,0.13090945355512332,0.4920053475935829,0.6728245855631643,-0.020824806231335646,0.2939666655838774,0.08722222222222223,0.05,1.0,6.499349627100722,0.0,0.015137413109911776,0.5049326599326599,0.4401212290426097,0.49190532778768076,0.0648114308900502,0.013027332144979142,0.7,20.0,0.0,-0.10248790914136263,0.27856948545573795
0.09,0.9982929821341938,1.1290960577017584,0.010142909306236098,0.16334896859174144,0.5085628847972516,0.8722029454840524,0.048556607131701957,0.13185581666345558,0.10204517704517704,0.045,1.0,6.198801729466213,0.0,0.03236918431501354,0.5092545548414491,0.4941366724585401,0.5085263350896493,0.01511788238290901,0.000728219751799819,0.7,20.0,0.0,-1.1908691140382226,0.4099997507604866
0.09,1.0005624241343594,1.1514985260834474,-0.009959159366721024,0.1619207286168489,0.5282121523555864,0.8485836777925859,0.024169267307457165,0.20944944050706893,0.09331501831501832,0.045,1.0,6.384127412414916,0.0,0.016898577258229797,0.5308112828826742,0.5342760116540706,0.5282488226892865,-0.0034647287713963637,0.0025624601933876834,0.7,20.0,0.0,-0.10077711445268323,0.2112550282933646
0.08,1.023897481946169,1.103659235546878,-0.11186139951329621,0.16199218980418817,0.45693199434869824,0.7274064524881806,-0.04013672893196024,0.31076275579446555,0.1017663043478261,0.04,1.0,5.951236828042568,0.0,0.016350519241258576,0.5306792417208065,0.4635165465394046,0.45685130363619925,0.06716269518140189,0.07382793808460725,0.4,20.0,0.0,0.5296529471999607,0.37815333364318876
0.03,1.0095538417204972,1.0294198747835948,-0.04214374541993138,0.06219591359147109,0.5203503038642356,0.1703638401989694,-0.020713966252968397,0.49140097843788677,0.15223367697594503,0.015,1.0,4.375889581673549,0.0,0.05013021087197577,0.5794235497967869,0.6043578913010761,0.5202474232057995,-0.024934341504289192,0.059176126590987366,0.7,20.0,0.0,0.7650372750337198,0.1457052664624263
0.09,1.0091347787626603,1.1280212526436557,-0.07850129653651028,0.06469608019301203,0.4201513133769517,0.2545298680729479,0.010670741090697822,0.4569110434766036,0.077014652014652,0.045,1.0,6.02860165026119,0.0,0.010649799700594695,0.45352360893984134,0.4704537993674371,0.4201513133769517,-0.016930190427595748,0.03337229556288962,0.4,20.0,0.0,-0.017911122160469084,0.2579137872131172
0.07,1.0005199745485154,1.0952600376611263,-0.0052673163482910125,0.03332878839314261,0.5192048465014804,0.16864246505074879,0.00786390778573548,0.5671612680558586,0.11586021505376343,0.035,1.0,5.7271775149749535,0.0,0.013304984151935886,0.5166939379772479,0.5085462827307722,0.5192048465014804,0.00814765524647576,-0.0025109085242324136,1.0,20.0,0.0,-0.020046537036853884,0.19004985107727812
0.08,1.007479086646633,1.081096712333415,-0.062002029462871255,0.023882523247701355,0.44798757747172724,0.06946954517174762,-0.0035156141726018775,0.918511636012856,0.08926630434782609,0.04,1.0,6.081308467727543,0.0,0.004330871323491983,0.4874420504312707,0.5441153104568013,0.4479473635335763,-0.05667326002553058,0.03949468689769442,0.2,20.0,0.0,-0.3087023965896716,0.2787996058169035
0.02,0.9997229102931563,1.0273948171955702,0.0017224575568760003,0.09364282535370205,0.45654151043355745,0.14326052551043017,-0.023207230365957343,0.7257696598032556,0.2181122448979592,0.01,1.0,3.933379633126565,0.0,0.0525571636004602,0.4568323117318445,0.4070463222745612,0.45654151043355745,0.0497859894572833,0.0002908012982870689,0.7,20.0,0.0,-1.1910550570002616,0.3144607679411014
0.02,1.0054755206456358,1.0235806051904313,-0.026324483739320614,0.2448237402668217,0.5108933600519124,0.6934723263386109,0.07781986665757107,0.13390762217561136,0.1732142857142857,0.01,1.0,4.122848981673309,0.0,0.04780171370505755,0.5568316267927907,0.58151331394968,0.5108452654183503,-0.02468168715688923,0.045986361374440454,1.0,20.0,0.0,0.6325174762035917,0.278370316772898
0.07,1.018417091732366,1.0867506570537429,-0.09314963309187574,0.40256324137722993,0.5624883122954651,2.106684095514932,-0.08417744883371128,0.007730705409640894,0.09788786482334869,0.035,1.0,5.886287801981393,0.0,0.032493297917161,0.6072210534517687,0.49807214181000586,0.5623480598410472,0.10914891164176282,0.0448729936107215,0.1,20.0,0.0,0.6225210329847015,0.3461380052794425
0.1,1.0000731634663422,1.1575032721294563,0.002967280020719526,0.027725839240423183,0.46602099425628835,0.13119157126323722,0.010294810814588107,0.7479432712268624,0.0811111111111111,0.05,1.0,6.479795601230846,0.0,0.022677276381050437,0.466284412755001,0.530075695523745,0.4660853634383046,-0.06379128276874402,0.00019904931669639803,0.7,20.0,0.0,-1.1836672804333324,0.4240368068562942
0.09,0.999669353089117,1.1541523960522133,0.005856967324189277,0.08886654036757922,0.4442546995927663,0.3964380504011184,0.01367906265641916,0.3343137301023924,0.0919108669108669,0.045,1.0,6.346036001621989,0.0,0.006703677426179874,0.4445507160365159,0.5210336575768256,0.4442181498851639,-0.07648294154030971,0.0003325661513520206,0.1,20.0,0.0,-0.12712325682397374,0.21189059716661646
0.06,1.0042664594855144,1.0744844795699373,-0.04009484096162119,0.026841422265854235,0.48826929990571344,0.07022254777407334,0.0041506159684749355,0.513422829351559,0.10797872340425534,0.03,1.0,5.524035301152977,0.0,0.012531603890721998,0.5016773162939298,0.4956349911398772,0.48821605176939825,0.0060423251540525635,0.013461264524531502,1.0,20.0,0.0,-0.19386216590574534,0.2445038170684334
0.03,1.0086866580626597,1.0463384164817626,-0.04036388920408496,0.12032058365113668,0.518620762145014,0.2986233090426548,-0.03360544807595073,0.7685353212111242,0.16615120274914089,0.015,1.0,4.485630079800352,0.0,0.031630955298658565,0.5596542190625439,0.5349573330156181,0.5187239613194207,0.02469688604692577,0.0409302577431232,1.0,20.0,0.0,0.5231624738102063,0.2949645244673828
0.08,0.9975646609612241,1.0863858669649977,0.016299167875836407,0.033828240414265055,0.43964847235659726,0.11256271361503484,-0.00972791734819567,0.7901128304650775,0.07934782608695652,0.04,1.0,6.088163571949199,0.0,0.012283291392363033,0.4460929935087748,0.4926445703000543,0.4396886862947482,-0.046551576791279525,0.006404307214026572,0.1,20.0,0.0,-1.2031540411160142,0.40891311414924125
0.02,1.0013531464246854,1.0242663940895511,-0.013157295291235993,0.24916697585671355,0.5931253560566331,0.7789665428639405,0.04976834621310727,0.17026291662559523,0.18852040816326532,0.01,1.0,4.031237163593105,0.0,0.04528420166461995,0.6017791143023316,0.36597639069780485,0.592931190724853,0.2358027236045267,0.008847923577478545,0.1,20.0,0.0,0.035964037163188856,0.1854017645489989
0.08,0.998968250674974,1.0845458331557805,0.015196856068791204,0.15561657630689685,0.5205527089384505,0.7318688283850611,0.024128106470439115,0.19507588568193646,0.0936141304347826,0.04,1.0,6.1122373473526705,0.0,0.018078092155625017,0.5191836558424453,0.5093476935674722,0.5205944695665303,0.009835962274973076,-0.001410813724085025,1.0,20.0,0.0,0.014334392072283375,0.1961853624697051
0.04,1.0000515796687117,1.0399281692715858,0.0004958505142390046,0.21589201945819958,0.47698603479853485,0.7615979962284514,-0.061409212744402364,0.18478540739912308,0.1578125,0.02,1.0,5.1255519519065045,0.0,0.0411296708902595,0.47679143772893773,0.561892007316287,0.4768315018315019,-0.08510056958734924,-4.006410256418569e-05,0.2,20.0,0.0,-1.2258630517035216,0.3672391053155955
0.02,1.0064059363145974,1.0275459855602913,-0.02771836788766957,0.25410416101493605,0.6144180266429381,0.49458194018252455,-0.06146171838074055,0.9286437419283115,0.24719387755102037,0.01,1.0,4.013787522713499,0.0,0.059538266272883736,0.6382326130454683,0.38241890566032327,0.6140782373123229,0.25581370738514503,0.024154375733145383,0.1,20.0,0.0,0.43539748993899563,0.27999022525340955
0.04,1.000869250462588,1.0322974165445171,-0.004250757100192711,0.05806087566539529,0.5577438186813187,0.12573664421172176,0.014566386093443184,0.7431387617651273,0.10416666666666666,0.02,1.0,5.15365408160787,0.0,0.0281573954472657,0.5563472985347985,0.4876948819114529,0.5577438186813187,0.06865241662334559,-0.0013965201465202526,0.2,20.0,0.0,-1.2236112932541974,0.3616181022926239
0.06,1.0173245388388599,1.0809471423806871,-0.08252376485659729,0.1350552886559466,0.5502016306817796,0.5689740600669396,0.03714526716232086,0.30075889658264277,0.12154255319148935,0.03,1.0,5.727018802711167,0.0,0.04614664318674912,0.5923636406802195,0.4966178017322303,0.5502547092380429,0.09574583894798921,0.042108931442176645,0.1,20.0,0.0,0.7864385396570968,0.17319257081174685
0.05,1.0042142494023338,1.0722221574975057,-0.03845666694350913,0.0035109951879700573,0.5413048869669659,0.0392759802742736,0.0024950314804777496,0.9257523831296726,0.10526315789473685,0.025,1.0,5.423499634999581,0.0,0.016998032543891067,0.5523465325913938,0.5507695266073392,0.5413669371034762,0.0015770059840545247,0.010979595487917604,1.0,20.0,0.0,0.03852791619992413,0.23615869717266041
0.07,1.000770022915904,1.1192101341361487,-0.009716315468140675,0.15523452987359246,0.5012252610254013,0.629244740271644,0.0216840613458697,0.19051957447729528,0.09086021505376343,0.035,1.0,5.716170239901598,0.0,0.011967906541307208,0.5037303256973663,0.5207686296831676,0.5012213651238897,-0.017038303985801306,0.002508960573476604,0.7,20.0,0.0,-0.11230778430448751,0.21137539336389666
0.03,1.0087852475039478,1.0364938789843507,-0.04103770869460499,0.03846867193447237,0.350180917071182,0.0961478471874758,-0.01199672282382852,0.26173631085339866,0.14536082474226802,0.015,1.0,4.760519001639994,0.0,0.019400296878784078,0.429960886238836,0.5601371687392888,0.350077399380805,-0.13017628250045277,0.07988348685803098,0.1,20.0,0.0,0.7191776163922752,0.30720552746681523
0.05,0.9994411766852985,1.0583200001757982,0.0036347082096048894,0.15534365397895525,0.49767404965420264,0.5794217761758481,0.04711953190955953,0.26527344557030175,0.11263157894736842,0.025,1.0,5.40303054589579,0.0,0.02488539388367389,0.4973474055996236,0.5111830827881243,0.49761606115912,-0.013835677188500706,-0.0002686555594964002,0.7,20.0,0.0,-1.2097202997282597,0.3884811600551306
0.1,1.0007880095479986,1.1271479141872167,-0.010786512279199925,0.14461685149318598,0.5191968706674589,0.6906094760938598,-0.020386487796092867,0.2941345912622648,0.09805555555555555,0.05,1.0,6.421856328458775,0.0,0.01742965085746441,0.5201940978411567,0.5597151894647239,0.5191978609625668,-0.039521091623567206,0.0009962368785898512,0.4,20.0,0.0,-0.2112610745166954,0.22088436672294692
0.06,1.017547788321118,1.0980892078018534,-0.08172056479863343,0.06962928102962607,0.5676073272148852,0.216167917501286,-0.017731184590127735,0.3151939964953052,0.13377659574468084,0.03,1.0,5.53357482022568,0.0,0.031499663723049035,0.6025114805695176,0.5230305750241219,0.5675008309422546,0.07948090554539577,0.03501064962726308,0.1,20.0,0.0,0.40699744327496656,0.34962368760555673
0.03,1.0019239698113331,1.0277003734636763,-0.01856067958364649,0.4631628505774109,0.5774694543184394,2.389501792398119,0.08393626357326728,0.016648225482726833,0.1872852233676976,0.015,1.0,4.533514067505131,0.0,0.04488338577549948,0.5808740715259463,0.48673073809949824,0.5773662551440328,0.09414333342644804,0.0035078163819134422,0.1,20.0,0.0,-0.17583451622047575,0.22047657792802405
0.06,1.0003843958501444,1.0749545154250488,-0.008960944268600918,0.38298532553897713,0.5403719229699572,2.452866085240526,-0.05954356536454558,0.008773547451801039,0.12996453900709218,0.03,1.0,5.828453789780762,0.0,0.023288073466011958,0.5421789680036357,0.6124542231572386,0.540531158638747,-0.07027525515360289,0.0016478093648887304,0.2,20.0,0.0,-0.04903959208406583,0.19794883693422588
0.06,1.0004076146897907,1.0578464027059793,-0.00421688777618999,0.31471734239928334,0.5549461413754977,1.658377457995293,0.0895092311315493,0.02219787588527429,0.14707446808510638,0.03,1.0,5.820958550977633,0.0,0.0421353378890936,0.5556368409271281,0.5213744424748097,0.5549993895118129,0.03426239845231838,0.0006374514153151267,0.7,20.0,0.0,-1.1709113112326637,0.38701971617207254
0.08,0.9999979305483078,1.1120193095611484,-0.005493218988508214,0.10404902606395201,0.5033748167703161,0.4556718745997655,-0.01590404151762076,0.36012429423050896,0.09945652173913043,0.04,1.0,6.004723358998374,0.0,0.01414925559962836,0.502433539694119,0.5409835696992761,0.503416577398396,-0.03855003000515711,-0.00098303770427699,0.1,20.0,0.0,-0.0019538595931445357,0.20953908368167012
0.05,1.01539617442269,1.0805311829178492,-0.06835034320752142,0.02849416822448565,0.5131572714538836,0.04784961291664907,-0.004868506510894988,0.7328266241097445,0.11552631578947369,0.025,1.0,5.340528994316954,0.0,0.018912038804899473,0.5665398651574195,0.3703196884884252,0.5130956128008844,0.19622017666899427,0.05344425235653505,0.1,20.0,0.0,0.35917903528196105,0.35244906316451036
0.1,0.9978463879766633,1.1358742344944395,0.028759732064695856,0.07466711373079983,0.5267330164388988,0.30816734899397213,0.010608249773497058,0.39036957725312205,0.07944444444444444,0.05,1.0,6.5851661345376495,0.0,0.010250958969752838,0.5310922955040601,0.5628629390636406,0.526798375916023,-0.03177064355958048,0.004293919588037154,1.0,20.0,0.0,-0.2023512516304069,0.21235217531512246
0.06,1.0053484220604505,1.061260496782293,-0.048482999613458144,0.03933085562281727,0.49505691106543753,0.12446953638416244,0.006656268240959107,0.6012642395718697,0.10186170212765958,0.03,1.0,5.578158056802568,0.0,0.012282971892327979,0.5182898869240214,0.45921489580557634,0.49526990361069845,0.05907499111844511,0.023019983313323,0.4,20.0,0.0,0.07347809419022244,0.23504305407670678
0.05,0.9998850713687056,1.0537691576078607,0.0011007572872877396,0.054337744471587276,0.5342360160132417,0.19387346563291724,0.01974111997587047,0.6088837516916077,0.14789473684210527,0.025,1.0,5.343291912243937,0.0,0.03258434675921569,0.5357895693916268,0.4503748235132711,0.5342321501135694,0.08541474587835568,0.0015574192780574148,0.1,20.0,0.0,-1.1993053906594358,0.38607095178257933
0.06,1.017563533859656,1.1157253618507148,-0.0833422543512996,0.21734852964961318,0.5243103179286814,0.8557892376762883,-0.05059814889590586,0.0484911601876879,0.12375886524822695,0.03,1.0,5.749032367842572,0.0,0.03486333771426922,0.5619486104610543,0.46413190064425836,0.5243104875087333,0.09781670981679591,0.03763812295232094,0.2,20.0,0.0,0.7382226039714275,0.17477269346361263
0.03,0.9996956119328597,1.0300428078483757,0.0032561750762375302,0.20120004454491458,0.5812728535208755,0.6165859007289818,0.06295867055260335,0.2496742892388505,0.20704467353951891,0.015,1.0,4.464446894946561,0.0,0.07795693334179751,0.5824086814712889,0.6716984980254369,0.5813760526952821,-0.08928981655414803,0.0010326287760067387,0.2,20.0,0.0,-1.146968218033251,0.33904250246259393
0.02,0.9997390933589622,1.021432154754523,0.0025170724838362996,0.07687365625344444,0.46867207887639023,0.1598673878938549,0.013708067283791814,0.8581709426335999,0.20076530612244897,0.01,1.0,3.7856423805145667,0.0,0.02179795982579137,0.4689179124367957,0.49102493290217514,0.4685260081781723,-0.022107020465379434,0.00039190425862339895,0.7,20.0,0.0,-0.07645127674346863,0.16498084212235545
0.04,1.0022514971894605,1.0525543291799113,-0.02219868052829732,0.059241209906876216,0.4943853021978022,0.15543748652621078,0.009891010006481793,0.6462319997430903,0.13828125,0.02,1.0,5.097574863486391,0.0,0.016697822636269982,0.5035141941391942,0.61988082451191,0.4944597069597069,-0.11636663037271577,0.009054487179487258,0.2,20.0,0.0,-0.33130543403542534,0.2183238907161714
0.03,0.999847189497921,1.0467679746341918,0.002461846356431527,0.03713102109657952,0.4128954375772402,0.0853774394936622,0.006392644606751152,0.596668479572529,0.13625429553264606,0.015,1.0,4.533391458538957,0.0,0.017213160109302267,0.41145542687510356,0.4771811476547185,0.4128957560932105,-0.06572572077961492,-0.0014403292181069394,0.2,20.0,0.0,-0.19516825611515154,0.17346561118005693
0.1,1.0299767618100564,1.1243548094139693,-0.14240898230485421,0.092899488978096,0.4825410972469795,0.38668338373951955,-0.022926709819789337,0.42190083387968547,0.08027777777777778,0.05,1.0,6.470546794276551,0.0,0.018160730697638766,0.529178055060408,0.5040188893348155,0.4824737571796394,0.025159165725592514,0.04670429788076863,0.7,20.0,0.0,0.595549722798602,0.38404905426632796
0.1,1.0051393957247081,1.101380406313537,-0.03121589355464019,0.005291664628539666,0.43418993860170335,0.013065644004570156,-0.001111972061281441,0.9576502049415011,0.09222222222222223,0.05,1.0,6.480823933334635,0.0,0.01832314603603802,0.4494236482471776,0.5474227061622845,0.43422162804515746,-0.09799905791510688,0.015202020202020161,0.2,20.0,0.0,-1.1473668226628544,0.4240368068562942
0.03,1.0018523313694065,1.0344640500612585,-0.017844689060138696,0.14849213888006293,0.6317773828179746,0.39573552996155814,-0.02544983319353633,0.49811248888832493,0.19896907216494847,0.015,1.0,4.218059047031839,0.0,0.04720783153227125,0.6331164239574972,0.5001258138083043,0.6317767457860337,0.1329906101491929,0.0013396781714635209,0.1,20.0,0.0,-0.3623646144092869,0.21211434354512237
0.09,0.9995526030069694,1.1292639477453414,0.008641239523163119,0.00046466182295540505,0.37189013857526104,0.0035941972107996923,-0.00016846408278281544,0.9977105436790602,0.06971916971916972,0.045,1.0,6.305664743974971,0.0,0.003529396308828245,0.3726229421187733,0.48723200207053213,0.3718535888676587,-0.11460905995175885,0.0007693532511146017,0.1,20.0,0.0,0.06328231195878686,0.20004170671023225
0.05,1.0021251642035482,1.0640190400075809,-0.013447786409223506,0.03757987868340294,0.36308314405105574,0.09610880885874817,0.010412572063331127,0.7933308366850118,0.0881578947368421,0.025,1.0,5.44562345036804,0.0,0.01276425056751225,0.3784567994030659,0.4780499341438282,0.3629517034622019,-0.09959313474076226,0.015505095940864022,0.1,20.0,0.0,-1.1301358294983526,0.36981864074496046
0.03,1.0093257765500214,1.034422276369309,-0.04053854661661105,0.0515684222580828,0.3969788760208437,0.10177203112747128,-0.012469432000584924,0.6880696330762669,0.1411512027491409,0.015,1.0,4.1828203907746095,0.0,0.01931987248137086,0.476268330594096,0.5813818151158304,0.39708239371122067,-0.10511348452173441,0.07918593688287534,0.1,20.0,0.0,0.3113171344636907,0.3192090563972978
0.09,1.0063488430312206,1.1249295362498835,-0.06532048485585151,0.21274940416891935,0.5728645561924613,1.379283872032857,0.03665730512251614,0.05078354412514479,0.12206959706959708,0.045,1.0,6.289304296162467,0.0,0.027729366739995598,0.5770736832455176,0.43538777077999863,0.572754665817459,0.14168591246551893,0.004319017428058514,0.1,20.0,0.0,0.025640730678972545,0.26316186465505126
0.09,0.9994514809212098,1.107398003430534,0.010651955209682873,0.030535629406602954,0.45879484878312393,0.08709060075090751,0.003899733194519417,0.9482944587080387,0.08617216117216117,0.045,1.0,6.270981658355607,0.0,0.009253164853258417,0.455606821647077,0.5189965392910937,0.4589047391581264,-0.06338971764401669,-0.0032979175110494086,0.1,20.0,0.0,0.08260287222271012,0.2024971776650837
0.01,1.000808495094909,1.0088329093196076,-0.007362245698796954,0.2125057827194568,0.49124579124579126,0.3821180831994863,0.04069980513989152,0.49542469280769985,0.25606060606060604,0.005,1.0,3.129128838628604,0.0,0.03962480050312177,0.4936868686868687,0.6019460200991203,0.4909932659932659,-0.10825915141225168,0.002693602693602748,0.7,20.0,0.0,0.12869448360683622,0.17141813517351454
0.06,1.0039547412309953,1.0564110638109634,-0.036872033519235736,0.0190681025026899,0.39121405750798727,0.0778361188882764,0.004408984521249049,0.9854706165582245,0.10407801418439716,0.03,1.0,5.811042154967064,0.0,0.013310917801878944,0.4085951649335586,0.5087601582887178,0.391373632336881,-0.10016499335515922,0.01722153259667758,0.2,20.0,0.0,-0.3206635747383366,0.25431651190324694
0.01,0.9999796077661703,1.0037504006888545,0.0003585595531156796,0.08478302561322015,0.3595117845117845,0.10002991131781079,0.024566980560499774,0.7878903224073834,0.20833333333333331,0.005,1.0,3.2423998911612704,0.0,0.03849928969072769,0.362037037037037,0.6598344746768228,0.35976430976430973,-0.2977974376397858,0.0022727272727272596,0.1,20.0,0.0,-1.2135027865002255,0.29195469729966456
0.02,1.0058438269749728,1.0316406589625113,-0.027292465939039223,0.1332759880471796,0.40103017811691194,0.23852824117764349,-0.03312687770480027,0.5975571529097661,0.18826530612244896,0.01,1.0,3.957393803575698,0.0,0.03326472023040759,0.47358845228491203,0.6310953918701737,0.40105310868523564,-0.15750693958526168,0.0725353435996764,0.1,20.0,0.0,0.7877708253749676,0.27596433249090147
0.07,1.000484807510618,1.0715768944246016,-0.0034464556114460476,0.015816684712118927,0.5164348605267258,0.06600983552511008,0.006402905261930547,0.8804426819270269,0.10284178187403994,0.035,1.0,5.741831471899915,0.0,0.03194857197530221,0.5168400342839333,0.45866562935840927,0.51643291257597,0.05817440492552406,0.0004071217079633094,0.4,20.0,0.0,-1.1947870116703214,0.40413876881016325
0.06,1.0003934747195005,1.0929238128545757,-0.006697645493572366,0.0029418530885056454,0.46746945863264217,0.01018088789977944,0.0005848462562749734,0.8738054854381256,0.10682624113475177,0.03,1.0,5.628542567992513,0.0,0.010003116308432161,0.46858716075510604,0.5278346755112574,0.46762903346153584,-0.059247514756151365,0.000958127293570199,0.1,20.0,0.0,0.06320142282340147,0.21277658655821155
0.1,1.02701473477381,1.1965622329860706,-0.1386030891226302,0.10071952065678869,0.48679639532580704,0.4840794183936508,-0.02620794078920735,0.2986863840116146,0.07944444444444443,0.05,1.0,6.484787877599629,0.0,0.017714186419623107,0.5281748861160626,0.4970112968558655,0.4868290750643691,0.031163589260197078,0.04134581105169344,0.2,20.0,0.0,0.8216360750419742,0.37290184738088333
0.08,1.0040331548112507,1.0940142533302362,-0.04640749872505645,0.11137632431007048,0.4435856676068722,0.49151898891546647,0.01786146042054204,0.36866071170336123,0.07703804347826088,0.04,1.0,6.097402578215318,0.0,0.006021052918358846,0.4659168273455103,0.5759694071808409,0.4435872142968011,-0.11005257983533057,0.02232961304870923,0.2,20.0,0.0,-0.259416159053957,0.27959229518084905
0.07,0.9987373477535557,1.0897811853066466,0.008354673868391983,0.03620879434561287,0.4544354838709677,0.11774071613229743,-0.010757407398107599,0.754245589750207,0.07764976958525345,0.035,1.0,5.836138024307594,0.0,0.018241943293279633,0.4557133395667757,0.500336085203576,0.4544802867383513,-0.0446227456368003,0.001233052828424397,0.4,20.0,0.0,-1.2262123991181335,0.4078911012864889
0.05,1.0003494712667476,1.047289272328963,-0.0019145969685924282,0.21444711546547435,0.637944744842792,0.8034073231352977,-0.05880201969489007,0.16673133941615226,0.1576315789473684,0.025,1.0,5.3753378233739415,0.0,0.07403232829505187,0.6362247620367477,0.4456763231805294,0.6376967400385064,0.1905484388562183,-0.0014719780017586892,0.2,20.0,0.0,-1.1907758698866333,0.3755028817806011
0.06,0.9999231223173333,1.0645060055096496,0.003811509614911751,0.1861794235302774,0.5192478446375396,0.7603264535209754,0.0270374350646696,0.2042769523298973,0.11578014184397163,0.03,1.0,5.50803614562326,0.0,0.02064239568993484,0.5209999457343835,0.5324443828980852,0.5192478446375396,-0.011444437163701693,0.0017521010968438722,1.0,20.0,0.0,-0.11330686152573755,0.20201734274389854
0.09,1.000445773949879,1.1352922592793715,-0.007925810997548258,0.07924488851440177,0.4578036641383436,0.3301668080413991,-0.012177241971466413,0.43973725221693505,0.0778998778998779,0.045,1.0,6.318918261968383,0.0,0.010826338576272423,0.45644408739119524,0.49012885515322163,0.4576571034296412,-0.03368476776202639,-0.0012130160384459798,0.4,20.0,0.0,-0.15567711240579873,0.22556222686476152
0.07,1.0203905540430314,1.1123150521900622,-0.09765840721515628,0.11979988102002256,0.5309373539036932,0.5146715627388814,0.03333823160248717,0.3906227378556242,0.10875576036866359,0.035,1.0,5.902049582160792,0.0,0.027910359899067337,0.5579885460495558,0.4498652955116609,0.5310308555399719,0.10812325053789495,0.026957690509583965,0.1,20.0,0.0,0.6632698709282789,0.34214577560646964
0.02,0.9998362390762112,1.0244693659710584,0.0007865780662127753,0.059869875372272,0.42263702726921054,0.10550517921917077,0.017981820404330273,0.7696099305788824,0.17423469387755103,0.01,1.0,3.9204099157607337,0.0,0.03181920591287357,0.4213762927107892,0.6181710300073551,0.422612756602738,-0.19679473729656588,-0.0012364638919488136,0.1,20.0,0.0,-1.1568663576907856,0.29960758642535257
0.08,1.0012233166442934,1.0939907840161986,-0.007939492159748436,0.15450091961924736,0.5664337088797572,0.7839688963644577,-0.047080733673327324,0.1684403037080051,0.12608695652173912,0.04,1.0,6.065530771002763,0.0,0.04351408992731649,0.565466441347304,0.5167894112078559,0.566515683445988,0.04867703013944802,-0.0010492420986840667,0.7,20.0,0.0,-1.2641808793794718,0.42431674214515497
0.04,1.0131749159682062,1.0654193184654621,-0.05646115792957862,0.4929621139488354,0.5547847985347986,1.8619274212493304,-0.10435529952982417,0.028727328324634826,0.15156250000000002,0.02,1.0,5.071787577507941,0.0,0.04101821098100824,0.612047847985348,0.4756353021978022,0.5544070512820513,0.13641254578754575,0.05764079670329669,0.1,20.0,0.0,0.5545788424351628,0.15748258912956092
0.07,1.0188816514465193,1.0836489354484398,-0.09540521493588994,0.005512818307272318,0.422623500077918,0.012048822521637872,-0.001137772997278741,0.5578826453727923,0.08832565284178187,0.035,1.0,5.8803541370266155,0.0,0.020472381706789694,0.5055068567866604,0.4553471976052621,0.4227618045815802,0.05015965918139831,0.08274505220508022,0.1,20.0,0.0,0.8938556868603738,0.34214577560646964
0.08,1.0076963901473655,1.1170185532737615,-0.06665140071917974,0.062150432703799136,0.5307782197671704,0.1718693597889216,-0.007715221251021143,0.4766371947179777,0.10747282608695652,0.04,1.0,6.309926200838396,0.0,0.019223987340527687,0.553579633898696,0.42699359688565797,0.5307782197671704,0.12658603701303806,0.022801414131525588,0.1,20.0,0.0,-0.05142499822438884,0.2633906558484795
0.047,1.0040412865757862,1.0823866418538053,-0.03684053910985052,0.12843087728657904,0.4370816772370252,0.3911988357653177,-0.020429339957389436,0.48524279339949816,0.11762407626532115,0.023475341028331584,1.0,5.3455317885208045,0.0,0.016443948053515595,0.46216862918212537,0.5655259391558504,0.4370816772370252,-0.103357309973725,0.02508695194510019,0.1,20.0,0.0,-0.08870402383233111,0.22418861328555886
0.069,1.0065480112325957,1.0909262644072824,-0.05907194750568945,0.03153284657295928,0.4810884672796886,0.08021344162090009,0.004349095406104675,0.867228165441234,0.12104796151870359,0.03446294307196563,1.0,5.916307955653872,0.0,0.010030772311817579,0.5100236159277481,0.5218885558867082,0.48118181859179315,-0.011864939958960097,0.02884179733595499,0.7,20.0,0.0,0.11373213153202455,0.2498071510664934
0.016,1.0000507406367491,1.017048971107623,-0.0003359976223613788,0.1727531578093003,0.5215447154471544,0.30418656642354314,0.04958367032153921,0.4980410730233499,0.19092987804878048,0.008,1.0,3.434860390238746,0.0,0.04165371821805203,0.5236111111111111,0.3394951039446452,0.521951219512195,0.18411600716646592,0.0016598915989161078,0.1,20.0,0.0,-1.1700457858990043,0.29114864538568547
0.08,1.0221591176520977,1.086246346701703,-0.11151404555778321,0.12004952251139157,0.43251967738352953,0.5668541859102587,0.03220251291005066,0.31834148478225477,0.08260869565217391,0.04,1.0,6.149938368128575,0.0,0.01216418205081174,0.5083210705083775,0.5600792192178394,0.43239748887914775,-0.05175814870946194,0.07592358162922974,0.2,20.0,0.0,0.88424096107966,0.35449420021867795
0.054,0.9998738038970438,1.063498724152587,-0.0003075644914614234,0.2351072612053941,0.5532445545807009,1.0062662990270557,0.035116074799271646,0.1961142255168743,0.1009709498081591,0.027,1.0,5.4895521768366935,0.0,0.016017547843673915,0.5534808266172542,0.475821388187514,0.5533621324760565,0.07765943842974016,0.00011869414119769495,0.4,20.0,0.0,-0.03895437196369178,0.17902215312762543
0.063,1.018829823331043,1.0931784324033824,-0.08688694275221498,0.09907957026651538,0.5044188151216905,0.350955622843799,-0.026446393416950043,0.23432425845012006,0.10499991529874134,0.03146638207043757,1.0,5.705047945204143,0.0,0.01847933531345136,0.530772416555164,0.5771578395220313,0.5045205652234407,-0.04638542296686721,0.026251851331723364,0.4,20.0,0.0,0.5219660869549982,0.3524284210457876
0.09,1.007135745595879,1.091862502209684,-0.06329175155968292,0.10323131365423246,0.506458924401212,0.4394427703979691,0.016479283628940578,0.34534652329267956,0.10546398046398046,0.045,1.0,6.382870245995891,0.0,0.016251448007731192,0.5275255486074922,0.4775492988263886,0.5064223746936097,0.049976249781103654,0.0211031739138825,0.1,20.0,0.0,-0.43013609282465026,0.290895239405442
0.081,1.0079725931819234,1.1334859509984734,-0.06849012184563896,0.03793117288074722,0.39970407272572434,0.12771659925100887,-0.006074554246348507,0.945289744715053,0.08442483106973495,0.04045593035908596,1.0,6.185989927602714,0.0,0.0033549603843565506,0.451127054754825,0.5498018105345212,0.3997846320201248,-0.09867475577969614,0.05134242273470019,0.1,20.0,0.0,-0.02921916468767538,0.26764247902721305
0.049,0.9995490032698958,1.0497974663945218,0.0030652823988107127,0.20960612660167502,0.40285767303766934,0.8216398771794432,-0.061188309857927725,0.14214301144333685,0.1238223996223095,0.02447423764458465,1.0,5.368657292392175,0.0,0.022220271619177265,0.40339503309210123,0.47902891722254487,0.40292725923176836,-0.07563388413044364,0.00046777386033286517,0.2,20.0,0.0,-1.2020423063693833,0.37195184997474573
0.037,1.0106493259631473,1.039274843066991,-0.049659551190759155,0.19257592849500652,0.4744854487845142,0.7514426681370656,0.058986077595809594,0.14709502084168555,0.18233420336224074,0.01848078920041537,1.0,4.92814116054905,0.0,0.05004049164333166,0.521780227387704,0.4460767449901224,0.4746385494049046,0.07570348239758162,0.047141677982799446,0.7,20.0,0.0,0.5007357557802945,0.3241327490211615
0.043,1.011285548684648,1.0688125677412241,-0.057976322926100776,0.11071809517858927,0.5721052893466686,0.3032457933409925,-0.02647191320727832,0.6373074678663715,0.12391557920828168,0.02147753396029258,1.0,5.127718232544947,0.0,0.031857700448989015,0.5803005423695079,0.4396500534166657,0.5719709409364582,0.1406504889528422,0.008329601433049727,0.1,20.0,0.0,0.9277642986084538,0.3040011995254567
0.075,1.0021164734509977,1.0805200962519228,-0.013914344681543317,0.00757941691327338,0.4578268118073943,0.028365970156447793,0.002736388365992104,0.9076698348682335,0.09657657657657658,0.03745945945945946,1.0,5.826330453922488,0.0,0.01664583989586929,0.45898905840653415,0.5127794031536798,0.4578699617534569,-0.05379034474714561,0.001119096653077245,0.2,20.0,0.0,-1.197516564697336,0.43902704476220794
0.066,1.001238486410902,1.0740040465328198,-0.005521579467515438,0.06853644051419916,0.4996812985157037,0.2221039496686916,-0.019337351877402487,0.5974404521396399,0.11271981052494973,0.033,1.0,5.733530507484081,0.0,0.027071333126122837,0.49695242681577084,0.4531078396428921,0.49968145466537756,0.04384458717287876,-0.0027290278496067133,0.4,20.0,0.0,-1.2284725832287462,0.40158591284737877
0.032,1.000085304409372,1.0285353103721455,-0.0016780776811768858,0.176612575395764,0.5662189069511724,0.456727451359918,0.025670301429844278,0.3534782876572975,0.13500774793388431,0.016,1.0,4.833129286779004,0.0,0.0262232943020293,0.5671573726224419,0.46937727479377217,0.5665191227312644,0.09778009782866975,0.0006382498911775558,0.4,20.0,0.0,-0.019120226772238347,0.16506776032286155
0.039,1.0034615528624975,1.0587270392873478,-0.027985485363560048,0.08314031809665244,0.540975966530873,0.17653440079387722,0.011169130542199868,0.6190985991380287,0.14392726593559058,0.019479708636836627,1.0,4.991172573813732,0.0,0.02479332923338786,0.5566576304017893,0.3484827407578576,0.5407355819154884,0.20817488964393166,0.015922048486300855,0.1,20.0,0.0,-0.4886625284939541,0.2518742161803613
0.102,0.9975449209488828,1.147266226914596,0.03943790214035292,0.13702980193201983,0.5496039084530133,0.7040406361855005,0.02056532749044082,0.19483389193842993,0.10730272064282283,0.051,1.0,6.376718598866671,0.0,0.013279886882828024,0.5557969921524909,0.5421737306135802,0.5495712287144512,0.013623261538910691,0.006225763438039711,0.7,20.0,0.0,0.11353344086415529,0.20002773945688576
0.044,1.012255688720462,1.0397294541117759,-0.05856779725862915,0.3135573828159488,0.6092220654354682,1.600888821080206,0.09203290777910705,0.07078049608623863,0.14675256751616583,0.022,1.0,5.118752760366215,0.0,0.0646843916351462,0.6425753022369808,0.3079774319295198,0.6092917275740958,0.33459787030746097,0.03328357466288501,0.1,20.0,0.0,0.4924284571603281,0.33288944680767985
0.078,1.0019826765023478,1.0915479316333425,-0.011425740776722614,0.02313188233176046,0.47883753054762823,0.07921164715683712,0.007239090522071057,0.8387216961846053,0.08628121697536015,0.039,1.0,5.9145476478233165,0.0,0.011351659622141422,0.476414871773178,0.5372155914976718,0.47883753054762823,-0.06080071972449386,-0.002422658774450248,0.1,20.0,0.0,-1.2231438246191757,0.41360771705705146
0.057,1.0043101971135342,1.1117641744068878,-0.04117705363151103,0.08461971128382122,0.5531876400129837,0.2060267555472993,-0.010701601398415306,0.5000659691012217,0.1312254655727335,0.028469777306468717,1.0,5.592274279544212,0.0,0.026754803619438633,0.5661982273447242,0.3503356243173537,0.5531878173849344,0.21586260302737054,0.01301040995978986,0.1,20.0,0.0,-0.09063836808968517,0.22925836090967963
0.074,1.0000202877679238,1.0700873005267328,-0.0008691871812000762,0.273467339869123,0.5831940066406086,1.7706816758645847,-0.04287401676325664,0.035700603211042445,0.11354415971046641,0.037,1.0,5.877033737834074,0.0,0.023881371196328965,0.5817419689264348,0.5987287230258697,0.5829778366186135,-0.016986754099434842,-0.0012358676921786493,0.7,20.0,0.0,-0.1405046137754371,0.22508833782733303
0.073,1.002789992748056,1.0904964118697726,-0.01790374123442838,0.03567987298865622,0.46484897518878104,0.12446627107346589,0.01087221757535195,0.7596125470194123,0.1008593045765542,0.03646062567421791,1.0,6.025954590049039,0.0,0.0193955001820713,0.46277597986335844,0.46827435740995965,0.46485077310320033,-0.0054983775466012075,-0.002074793239841888,1.0,20.0,0.0,-1.2171258027507588,0.41962240730857125
0.076,1.024955116297674,1.1356223429559815,-0.11134226020755267,0.45059504151771224,0.5884632034632035,2.5599427473862515,-0.09474286184896868,0.002157069019385599,0.10682957393483711,0.038,1.0,6.060950364344665,0.0,0.026700386338123355,0.6250432900432902,0.5224158285670303,0.5883749583749583,0.1026274614762599,0.03666833166833183,0.1,20.0,0.0,0.7309021940280971,0.1817850100376724
0.064,1.0002012152653526,1.0763832066051997,-0.0060332879666042255,0.22267562197215987,0.4645493395493396,1.0939873994440605,0.03455398661164383,0.07265615923962986,0.10226362179487179,0.032,1.0,5.681764786012502,0.0,0.01407096915301334,0.4644267769267769,0.5601878107655135,0.4644984644984646,-0.09576103383873658,-7.168757168768414e-05,0.1,20.0,0.0,0.10506115201724509,0.17952683318767104
0.062,0.9997250841988892,1.0900411330613924,0.00664896267175967,0.17465777335455712,0.49942080461249794,0.7475417608763789,0.02625030566041131,0.23485429726697526,0.10567267349886512,0.031,1.0,5.71580222488723,0.0,0.016701003198101583,0.4971350682213302,0.5520569044482088,0.49941826898695907,-0.05492183622687857,-0.002283200765628879,0.2,20.0,0.0,-0.10644082711270109,0.19485408873373067
0.013,1.0000484981781153,1.0113358258008378,-0.00041037001151025473,0.22748365829029094,0.30212765957446813,0.42269709710003717,-0.07059414041391748,0.4030973316885825,0.25140285246668226,0.006493414387031408,1.0,2.7911920468953433,0.0,0.044317396492427566,0.3024822695035461,0.6108884611803657,0.3023809523809524,-0.30840619167681954,0.00010131712259370262,0.1,20.0,0.0,-1.1902525417131047,0.2890481057089066
0.053,1.0141340784977793,1.060762562934943,-0.06982994933525521,0.04063697458255525,0.4719983273822108,0.1294213691870466,-0.01244806470967369,0.8379345695065696,0.10383833755055687,0.026472016895459347,1.0,5.57988814563607,0.0,0.024314839478033118,0.5415400821994683,0.5849596672638544,0.472119166466399,-0.043419585064386146,0.06942091573306924,0.4,20.0,0.0,0.5490946867509665,0.32223610838564865
0.033,1.0000166795682943,1.0499070329735163,-9.46346377064377e-05,0.6250601428689228,0.6721742160562997,3.4477749493734353,-0.08946841470195754,0.00020526027726586662,0.2133668640907524,0.016482936918304034,1.0,4.772645133192694,0.0,0.04641135109276322,0.6726450513635869,0.47814587037228035,0.6717036721074949,0.19449918099130653,0.0009413792560919454,0.1,20.0,0.0,-0.19852138303039357,0.18178418663701212
0.08,1.0062258694096637,1.0856069717008812,-0.05371458691339048,0.019141959448429127,0.4772433084583134,0.026779968687449196,-0.0013789463488579345,0.9262033210963225,0.090625,0.04,1.0,6.1047380743486555,0.0,0.009748345013546267,0.49934553786930785,0.5056391682530691,0.4773254144426428,-0.0062936303837612395,0.02202012342666504,0.4,20.0,0.0,-0.46823454648463825,0.28358906023942254
0.048,1.0032686673207456,1.070139229334708,-0.03293649555749423,0.12819268841438375,0.519116752309717,0.42248424597400547,0.020961338132293283,0.3588306427556027,0.11589635854341737,0.024,1.0,5.401316635142093,0.0,0.020515173576705445,0.5267969333835949,0.45957562129530766,0.5191824726041439,0.06722131208828724,0.007614460779451049,0.4,20.0,0.0,-0.04595045849941348,0.23263550338202102
0.021,1.004957977547468,1.0358631345834062,-0.025568369832646987,0.05189332487240045,0.5124615726855836,0.11551729831114127,0.01720053428485241,0.5977282788911202,0.15690208667736757,0.010489274770173647,1.0,3.93611897088055,0.0,0.04249199175199639,0.5550762471176721,0.5686619992556697,0.5130463021778381,-0.01358575213799762,0.04202994493983403,1.0,20.0,0.0,0.22971618712166286,0.2719339313212175
0.023,1.0002691226334082,1.0312604708107598,-0.00402248106991622,0.093448353215947,0.4497700510123823,0.20416857978639005,0.015857726545838058,0.532782633432292,0.15768101108094876,0.011488229273285569,1.0,4.053337925267804,0.0,0.021544692779993643,0.44943627946695425,0.5264816745033548,0.45004393357154093,-0.07704539503640057,-0.0006076541045866857,0.7,20.0,0.0,0.08121420269655477,0.1463580204890803
0.089,1.0047599346041232,1.145704739981838,-0.04833919298314793,0.1986567446299792,0.5558848398451461,1.0037302800302017,-0.029486664330376555,0.1741798268260798,0.12011741634701956,0.044451152579582875,1.0,6.301286988127487,0.0,0.02562449041132557,0.5591224651049497,0.44400278238652663,0.5558458900941516,0.11511968271842304,0.003276575010798033,0.1,20.0,0.0,-0.3511548451618469,0.2612637048505646
0.044,1.0111879321487376,1.036138679415212,-0.05788780677066985,0.09762557474720104,0.4522873810447005,0.27783615595227845,0.026428542016542045,0.9304427886889033,0.12908900722708255,0.022,1.0,5.037956502042325,0.0,0.02612836184759791,0.5072513404328629,0.5529491010581776,0.4524267053219558,-0.04569776062531472,0.05482463511090713,0.2,20.0,0.0,0.7678573377144371,0.3095952149168801
0.09,0.9997137184150301,1.1160160978490836,0.0033037279951363616,0.047301302571847385,0.4895212108930191,0.21993171971177367,-0.016399651762948553,0.5685096441241091,0.09682539682539684,0.045,1.0,6.384078783002543,0.0,0.026738204200608143,0.48867948198328603,0.46035226941573826,0.4895944309343214,0.028327212567547777,-0.0009149489510353881,0.2,20.0,0.0,-1.1490997236192333,0.42012198952185953
0.071,1.005039104556858,1.0807219456608579,-0.047672379267076015,0.13796933712589587,0.5180165965404394,0.5589189834332144,-0.021859231985733973,0.3058245843069385,0.11693248836398369,0.03546178686759957,1.0,6.116320443270199,0.0,0.017067397550020666,0.5297951613155387,0.44544422317547117,0.5178782920367774,0.08435093814006756,0.011916869278761344,0.2,20.0,0.0,-0.3097391202505455,0.2501652101804054
0.088,0.9993953089461309,1.1011627172488563,0.002580408621666374,0.025302580586042626,0.49220735027223234,0.07914123473207543,0.006664574294356296,0.8420796884533224,0.0907097288676236,0.044,1.0,6.210903019732722,0.0,0.02073486854297675,0.49177757612421863,0.5079150527834738,0.49220735027223234,-0.01613747665925519,-0.0004297741480137063,0.7,20.0,0.0,-1.2318721910302772,0.41488906394819197
0.052,0.999988771599272,1.0909259668140088,0.0029597597746915394,0.005439392266077526,0.4504633076859436,0.03747153087661157,-0.0021963216382767103,0.7693921745816923,0.10325381369685167,0.026,1.0,5.500573969053427,0.0,0.012030746217980656,0.45107002013182207,0.49236357266725433,0.45040125754943333,-0.041293552535432265,0.0006687625823887378,0.2,20.0,0.0,-0.14746484302224072,0.22469200499660316
0.056,1.0151865643451716,1.070806401676223,-0.07441969414726124,0.07648930679890767,0.4654528118676813,0.2515741791924924,0.021105387354442506,0.7410269621771861,0.13313407990314768,0.028,1.0,5.609381579246812,0.0,0.0230707338919732,0.5082754460264051,0.40884611018111466,0.46544989508449114,0.0994293358452904,0.042825550941913926,0.1,20.0,0.0,0.5439732086478295,0.3406405770849857
0.082,1.0015735096173084,1.1428971617343053,-0.009242167868865584,0.17542180902115895,0.5246466899517008,0.8941788887678732,-0.04974836994519538,0.1184417005800708,0.09538232637228333,0.041,1.0,6.265798680728241,0.0,0.02880321861857235,0.5250270890249104,0.5015920343590247,0.5246063445954513,0.02343505466588569,0.0004207444294590523,0.7,20.0,0.0,-1.2151063330231031,0.41172546862668447
0.039,1.010157706262575,1.0420653545069678,-0.05215384321776062,0.1055963146533149,0.5390628744308651,0.20374660673941788,-0.02069464330295273,0.6980302879678111,0.12973932068625096,0.019479708636836627,1.0,4.913160346071225,0.0,0.02830972277264053,0.5802764797507788,0.618126131537453,0.5391430026359934,-0.03784965178667421,0.04113347711478543,0.4,20.0,0.0,0.9530052214765674,0.2914073306788351
0.052,1.0039413692411578,1.062774950752595,-0.03656086970709471,0.05540251762517825,0.41402953586497887,0.16407147223255392,-0.009013276589566688,0.6952078525071366,0.11094206426484907,0.026,1.0,5.388236794908248,0.0,0.009131506548727825,0.4403456882049585,0.3910026154134611,0.41415363613799955,0.04934307279149741,0.02619205206695896,0.1,20.0,0.0,-0.10580320412893318,0.23766286481638768
0.085,1.001346845158864,1.1021190728008554,-0.021605522139332756,0.16001390885636008,0.4787221728714097,0.783226616342527,-0.02374483276740147,0.1949815536178432,0.09906782385085182,0.042453551912568305,1.0,6.155921930834284,0.0,0.012644714354607303,0.4842606799644675,0.39989301923533,0.4787221728714097,0.08436766072913748,0.005538507093057754,0.2,20.0,0.0,0.12674081359649048,0.19221604560944278
0.058,1.0000064506989055,1.0467600550343739,-0.002679420277221109,0.2828651263700342,0.5366269974298804,1.4313869866924396,0.04319261986546591,0.05571531360427707,0.118191302437953,0.029,1.0,5.525136858887866,0.0,0.02160667990725923,0.5373477483517711,0.4337239946603692,0.5366800759861438,0.10362375369140192,0.0006676723656273698,0.1,20.0,0.0,-0.09577527283575149,0.20748638534618408
0.024,1.0018283868997944,1.0288696558550237,-0.017605024198949826,0.14853952481252283,0.34800613496932514,0.35151139596398157,0.02531416666803471,0.3943960729884928,0.14702868852459017,0.012,1.0,4.228579062697666,0.0,0.01632731538416239,0.36502595563945256,0.35504157336980985,0.34775011798017924,0.009984382269642711,0.01727583765927332,0.7,20.0,0.0,-0.12284259670028197,0.19436267964752188
0.017,0.9997847365626784,1.0262508958842966,0.001976179482486823,0.18216476752342134,0.41329809054971284,0.35166748871078546,0.05382410679028732,0.44639810468716923,0.1760068218538687,0.008491353001017294,1.0,3.851230173679774,0.0,0.038748399269438474,0.4148198909359124,0.5699810332795642,0.41329809054971284,-0.15516114234365175,0.00152180038619959,0.1,20.0,0.0,-1.1700793348787533,0.29859356601588954
0.019,0.9996254085091885,1.0221276552095895,0.002756594477423935,0.28060090396812054,0.6236347750109218,0.5949542755672844,-0.07357662183140362,0.268758023267614,0.2006008906057192,0.009490316004077471,1.0,3.9405471146894584,0.0,0.0798642511511777,0.6216688510266491,0.3181490333890918,0.6232949856803067,0.30351981763755737,-0.0016261346536575738,0.1,20.0,0.0,-1.2113420202672767,0.32557961769021004
0.068,0.9994232532153839,1.0714782803481682,0.009013416705738991,0.06659194871080606,0.42010614526590223,0.19908901363591014,-0.009353458479365695,0.6537044822603594,0.07438146932592779,0.034,1.0,5.9755451940086,0.0,0.011037976874757285,0.4203126770152561,0.5844800168892379,0.4200574265676658,-0.1641673398739818,0.0002552504475902828,0.1,20.0,0.0,-0.09143579840457594,0.21608602514517614
0.04,1.0107444433466255,1.0550258888897965,-0.05373950930523552,0.004154357834033945,0.5677369505494506,0.053994750950127256,0.006313598712045232,0.981054280446018,0.16640624999999998,0.02,1.0,4.925251526492122,0.0,0.04117440970061369,0.6004292582417583,0.4789758709641192,0.5675022893772894,0.1214533872776391,0.032926968864468886,0.1,20.0,0.0,0.8106513485094977,0.3063574620971133
0.036,1.0098602950980855,1.0483705938795174,-0.04834536251231669,0.15098417849552564,0.45727959340312047,0.3948781267352385,-0.037565629090258346,0.9426023416539683,0.12390502535730752,0.018,1.0,4.9406189404662175,0.0,0.0242406412774583,0.5239264268622253,0.5716040208086755,0.4571065231365923,-0.0476775939464501,0.06681990372563307,0.7,20.0,0.0,0.7136881633606076,0.3026103597355531
0.019,1.0009560346159143,1.0140159393287096,-0.010393063625717569,0.08662341378486886,0.4672831415950682,0.1275233076260193,0.011878781038400232,0.7253886327451249,0.17070390042384248,0.009490316004077471,1.0,3.9591437149472766,0.0,0.027896883850257653,0.46988010290762583,0.4085986032937252,0.4669676229309257,0.061281499613900614,0.002912479976700133,0.7,20.0,0.0,-0.0801480599456541,0.18739462669533824
0.05,0.9994903623549382,1.0712010629148903,0.0025859783626836757,0.2565524539566663,0.5577286968375179,1.1101577583888318,0.07305780628988595,0.07001551838657907,0.1355263157894737,0.025,1.0,5.459635100926359,0.0,0.03857947171856049,0.5571700498671697,0.5370237180129361,0.5580381645530471,0.020146331854233535,-0.0008681146858774413,0.7,20.0,0.0,-1.2097060940365365,0.3824985390145861
0.028,0.9997340895194088,1.031298221132035,0.0018194177540738384,0.28514960292467595,0.6802354823959762,1.047326617333903,-0.09501596368531079,0.08912586360801446,0.197935038212816,0.014,1.0,4.620507229651062,0.0,0.09222533204556198,0.6784636488340192,0.234007840374533,0.6804412437128486,0.4444558084594862,-0.001977594878829425,0.1,20.0,0.0,-1.1903166879778855,0.3330204133382561
0.048,0.9996301768013233,1.0603368787576717,0.003548322138449314,0.18758380179909845,0.5405671950743672,0.6022663864574592,0.04967641223056507,0.2767523113455258,0.12845763305322128,0.024,1.0,5.307714033570063,0.0,0.038775144617883575,0.5391223819349377,0.4342020580092027,0.5405014747799404,0.10492032392573497,-0.0013790928450027051,0.1,20.0,0.0,-1.2201802649610762,0.4020024447723785
0.089,1.0008236829819148,1.1301508121314592,-0.012834010680114277,0.10126312932719574,0.46955492547137356,0.45370185554429393,-0.015577271056703867,0.3260677675266237,0.07303679127764279,0.044451152579582875,1.0,6.341498383240776,0.0,0.0076315589694408575,0.4665175728099125,0.5538507800651461,0.46962814551267584,-0.08733320725523358,-0.0031105727027633256,0.1,20.0,0.0,-0.05590376725999846,0.21225546100552103
0.075,1.0054849750465167,1.0799837589446342,-0.05513261811783299,0.18353780677654782,0.49252609310861734,0.9718836850402317,0.030322115317964027,0.118051787994451,0.12432432432432433,0.03745945945945946,1.0,5.9523836690201435,0.0,0.013442804464412692,0.5088348113590832,0.48754195425819663,0.4928288432171928,0.02129285710088652,0.01600596814189037,0.7,20.0,0.0,0.21162360836041927,0.2486218446401053
0.058,0.9999220659572742,1.0590221485458684,-0.00036435541067801613,0.06224729332199316,0.5031819197675718,0.23887209889058975,0.011683962761477762,0.6019599248082002,0.11422871366864339,0.029,1.0,5.537124417041549,0.0,0.017465132367206176,0.5033467426528103,0.4087630341594195,0.503234998323835,0.09458370849339082,0.00011174432897531617,0.2,20.0,0.0,-0.05025162905972058,0.186308908898733
0.008,1.002127046633716,1.0148771049922156,-0.010583928858387548,0.39916765403098814,0.6958273571566623,0.9726858762707639,0.1502346923071457,0.10353901540248867,0.4012096774193548,0.004,1.0,2.5816028865251517,0.0,0.148490131523519,0.7201908307648489,0.23861303801062836,0.693980082801835,0.4815777927542205,0.026210747963013925,0.1,20.0,0.0,0.7394616437825485,0.22348803883625787
0.009,0.9995602652198051,1.0068682898094203,0.0028165009608102087,0.15196266990795865,0.4489171676482855,0.22595299830290053,0.05159384588349075,0.5770843957034106,0.24044175355981615,0.004495459132189707,1.0,2.6028957650221956,0.0,0.06082781794415107,0.44857843286846305,0.400179030994741,0.4489171676482855,0.04839940187372205,-0.00033873477982243605,0.7,20.0,0.0,-1.2046958259571372,0.28889607503145615
0.041,1.0123702685027849,1.061858054166127,-0.05747805951555596,0.05856341535003602,0.5082616019038433,0.10468777807196611,-0.011619568915656908,0.6409833578235302,0.14526056105190874,0.020478623566214806,1.0,5.145990006407065,0.0,0.026916104027124577,0.5505345947156292,0.46632318694766495,0.508181473698715,0.08421140776796421,0.04235312101691413,0.4,20.0,0.0,0.7700623003311478,0.15902553393402488
0.008,1.0006360641847512,1.0094344254054628,-0.005816126182460302,0.5076415238091188,0.5693144943900231,0.840581391254228,-0.08139254975543572,0.11276144100726314,0.2847782258064516,0.004,1.0,2.49786325255146,0.0,0.06690916512701103,0.5731758674356862,0.9273396616770112,0.5693134771684621,-0.35416379424132505,0.003862390267224014,0.1,20.0,0.0,-0.05582293174110031,0.1623091514427357
0.106,0.9997222803684381,1.1739725585037488,0.00993877225707579,0.00818666933447948,0.4971831611093356,0.02139733162164915,-0.0009531842275114499,0.7323656633158194,0.07799375290194588,0.053,1.0,6.4457357876911505,0.0,0.008106590105649833,0.4951919321046838,0.49312013239010155,0.4970881715848159,0.0020717997145822675,-0.001896239480132067,1.0,20.0,0.0,-0.0036946018287955518,0.20384675683933604
0.102,1.008477030446954,1.1545967062219071,-0.0723362662372794,0.035129539422383185,0.46798620674579755,0.13811236176358777,-0.005698708385730666,0.7821065127497614,0.0673883139001703,0.051,1.0,6.529396907314593,0.0,0.006266476051372372,0.5006604804686646,0.49630617126409726,0.46805167551970617,0.004354309204567364,0.03260880494895846,1.0,20.0,0.0,-0.4004885289792477,0.2833260560734722
0.062,0.9996588259168644,1.0824780857956409,0.002326310068051937,0.17153244810637594,0.4892341240584052,0.686055596724294,-0.04834344706301169,0.21626263418306102,0.12040030263429397,0.031,1.0,5.379372723982678,0.0,0.026197331219688966,0.4871576092822099,0.5198513641134285,0.489335549079958,-0.03269375483121856,-0.0021779397977481074,0.4,20.0,0.0,-1.2292024855055947,0.4246358960743738
0.048,1.0152423322440043,1.053063493508493,-0.06835142824281282,0.0322018672607417,0.463224948581103,0.07579475129338968,-0.007771129510169172,0.5091022810670667,0.09987745098039216,0.024,1.0,5.369322303233785,0.0,0.0220271587466574,0.5370836061345554,0.6146123759373533,0.4631592282866761,-0.07752876980279788,0.07392437784787931,0.2,20.0,0.0,0.812063844309816,0.16429552179217283
0.016,0.9998822616637923,1.0232458325731855,0.0009377684732235492,0.3045845953071143,0.5487127371273713,0.7118189346394739,0.04994433299649048,0.1317031895595667,0.24301321138211385,0.008,1.0,3.757923401357746,0.0,0.025494181629345247,0.5476964769647696,0.5230560609696266,0.5485433604336044,0.024640415995142995,-0.0008468834688347693,1.0,20.0,0.0,-0.09368180764086809,0.14322679931080592
0.022,1.0005195684272385,1.0161583169377284,-0.0023412855640376,0.3130107060902112,0.5439855390008764,0.8190972248356071,-0.08921785461037707,0.15298914150961543,0.18583844580777095,0.011,1.0,3.835770923499488,0.0,0.04708215907714132,0.5425248320186972,0.45333966162189326,0.5436933976044406,0.0891851703968039,-0.0011685655857434085,0.7,20.0,0.0,-1.2448701880843551,0.32960446930350873
0.037,1.0095428205345833,1.0699541749998118,-0.05034734213179326,0.05595244836893098,0.478679074473467,0.13895650123380493,-0.01489616438509933,0.8052756723268529,0.11916589486682944,0.01848078920041537,1.0,5.079084709542872,0.0,0.026059617732078863,0.5189844769284022,0.531484798726178,0.47843943871981254,-0.012500321797775826,0.04054503820858968,1.0,20.0,0.0,1.1983966834672914,0.29126446221102714
0.065,1.005182775391761,1.0841814606683615,-0.04936450005151005,0.08514014186491954,0.4841608239920137,0.2903418032503005,0.014108274340270122,0.77350221311995,0.10748663101604278,0.03246524064171123,1.0,5.76259130515151,0.0,0.01304300639340003,0.5050787681414691,0.4545906654720273,0.4840612302429023,0.050488102669441814,0.021017537898566807,0.4,20.0,0.0,-0.098455159772882,0.25178199656858224
0.023,1.0001932165325016,1.0329022820613338,-0.0018836951108330792,0.1031688539008211,0.5685290680689453,0.1864000934258,0.014084835301472642,0.6122253430518401,0.20573183213920163,0.011488229273285569,1.0,3.9961909654166896,0.0,0.031587220432243115,0.567217184655835,0.5696319544708585,0.5684004696734758,-0.002414769815023421,-0.0011832850176407561,1.0,20.0,0.0,-0.00636132158341729,0.14508215214028386
0.014,1.0009305643992854,1.0052640795971752,-0.008017233045595762,0.19148127209347518,0.6655824498974473,0.39194631672137015,-0.035008777947554026,0.4220700098654323,0.27712981744421905,0.007,1.0,3.3944853223820872,0.0,0.057127148721214556,0.6664504411001556,0.4316378358391992,0.6655824498974473,0.23481260526095643,0.000867991202708307,0.1,20.0,0.0,-0.47286638194285846,0.20148560103010688
0.017,1.0001388650884528,1.017461906364088,-0.0009149304652915045,0.3942520764906808,0.589064792024067,1.0169818136394575,-0.11376360965904325,0.09108114775778656,0.24926694991323084,0.008491353001017294,1.0,3.6888050905990286,0.0,0.09468126119803298,0.5901826782029288,0.6175390249070313,0.5890642740525265,-0.027356346704102474,0.001118404150402319,0.7,20.0,0.0,-1.078892369780034,0.28129708507983886
0.032,1.008486888058562,1.0368280554010691,-0.04166644148342313,0.07878960303894031,0.40260876557820974,0.1805958239582115,0.020323287426484204,0.48478130988442947,0.17407024793388431,0.016,1.0,4.490825257734906,0.0,0.027175562433998462,0.44688628103623396,0.5705286483064261,0.4026178559628553,-0.12364236727019218,0.04426842507337864,0.4,20.0,0.0,0.4224679287051196,0.2965444935868732
0.027,1.0072505808039227,1.0238592030247962,-0.03634290763813919,0.29170378314213596,0.4800970771341142,0.726970637255247,-0.06670486283122218,0.5805505762790103,0.21683605496555136,0.01348612538540596,1.0,4.579849842809785,0.0,0.029864065701175585,0.5258925116949807,0.5724693732835467,0.4798688051774471,-0.046576861588566,0.046023706517533625,0.4,20.0,0.0,0.871206292213659,0.2727931070294054
0.027,0.9993787063886843,1.02431132083878,0.004378750533242826,0.17223744575037278,0.4483570750237417,0.44683896392863015,-0.052246893837182784,0.35543158452333956,0.14476989836702067,0.01348612538540596,1.0,4.47211968833173,0.0,0.04092713208151762,0.4491551475502093,0.6893766999755777,0.4485856987091555,-0.2402215524253684,0.0005694488410538101,0.1,20.0,0.0,-1.1795292587994215,0.33298480759581406
0.097,0.9999191895383966,1.142727321229681,0.009828921911742089,0.25203772718541795,0.5670418889895634,1.7999547480579092,-0.03928417881492574,0.0061155712278534195,0.11167528627370392,0.048446290143964565,1.0,6.429405441370809,0.0,0.018596894565142158,0.5660938705996846,0.5241252302827635,0.5670397916037451,0.04196864031692116,-0.0009459210040604349,0.4,20.0,0.0,0.14935812695431672,0.23786418517775557
0.011,1.0010782765350625,1.0107408065841326,-0.008697113524745892,0.05505505327300697,0.6619313704420088,0.06905505252901847,-0.009130966303515842,0.7897522585335994,0.27982810920121337,0.005494438827098079,1.0,3.2411144638444593,0.0,0.05741854714450012,0.6693487560508836,0.5239653740261655,0.6621831281405749,0.14538338202471812,0.007165627910308725,0.2,20.0,0.0,-0.23983096667994008,0.17359771679357094
0.009,1.0000974935077689,1.0094792470805816,-0.001441171368739988,0.03743730289461308,0.33098863763516323,0.0824999806949869,0.010836068146984235,0.928867222229969,0.22726763090032515,0.004495459132189707,1.0,2.6217899737564974,0.0,0.028122520572047546,0.3330149429847315,0.33619808355457903,0.3299805710681844,-0.0031831405698475312,0.003034371916547096,1.0,20.0,0.0,-0.11486179740604507,0.13060232210654502
0.101,1.0283513173722765,1.2085695672060661,-0.1419968886449967,0.06501870336965537,0.5442559770437008,0.27351954241706244,-0.016663812494959296,0.39872355258414205,0.09108029824117006,0.050443826473859844,1.0,6.498318313156536,0.0,0.022938516621389432,0.5597496374989981,0.46257223671402553,0.5443214458176094,0.09717740078497256,0.015428191681388648,0.1,20.0,0.0,0.6464342875066009,0.3723327602524229
0.066,1.005032863334592,1.0906598424637208,-0.047882114282095545,0.06484582561661144,0.41845973337130893,0.22947496441431284,0.011063018890130172,0.5992781148443238,0.1015346181299072,0.033,1.0,5.7546981661469525,0.0,0.013511761119849072,0.4378277581653787,0.48880004259070303,0.41836260827418387,-0.05097228442532431,0.019465149891194855,0.4,20.0,0.0,-0.07772894112019202,0.22722305446847318
0.09,0.9993437748641417,1.0886159417777364,0.005754202562620915,0.16334526460092622,0.5340520236234149,0.8668285669375001,0.04820262826929861,0.1397830608178494,0.09337606837606838,0.045,1.0,6.34405382707116,0.0,0.03088112438351094,0.5304579690425183,0.5155214332055835,0.534088693957115,0.014936535836934772,-0.0036307249145967058,0.7,20.0,0.0,-1.2788941298910126,0.4400962196948642
0.087,0.9995066597549627,1.111124382869221,0.002989783559778088,0.09397950464871732,0.4551592732537959,0.4273964928832308,-0.014815275772642689,0.27876095885814145,0.09454746887235463,0.04345235487404162,1.0,6.381117298117382,0.0,0.011576579590532932,0.45406488947070905,0.4456593200328773,0.45523476937113844,0.008405569437831772,-0.0011698799004293825,0.7,20.0,0.0,-0.18163376613458881,0.2213440541908167
0.079,1.000099517434535,1.071138592912661,-0.004710921264775028,0.07958009409768095,0.5383254297477967,0.4200174811507249,0.01623112924238923,0.371203815635996,0.11048461358732253,0.039457111834962,1.0,6.02914727206684,0.0,0.01922336028430413,0.534191127567892,0.4605873157722539,0.5383254297477967,0.07360381179563807,-0.004134302179904736,0.1,20.0,0.0,0.022463897168099045,0.1883021732619722
0.069,0.9975270924443116,1.0718504443250234,0.014965580325099849,0.23126543278124648,0.5763075572472037,1.1155490997862034,0.06458042745964365,0.07739967862767881,0.14849234888463397,0.03446294307196563,1.0,5.697810319435611,0.0,0.05102132161470216,0.5772433252308603,0.5498301472009662,0.5761205539746463,0.02741317802989407,0.0011227712562139613,1.0,20.0,0.0,-1.2777233512094832,0.4446392331192298
0.119,1.0395370222507625,1.205368325654629,-0.17628800606530692,0.0675728406479289,0.5240729181611677,0.2940206506177929,0.017174183913561403,0.6545988271072128,0.10688055017693796,0.059432463110102154,1.0,6.780448143350864,0.0,0.032571944100948075,0.5545478177852629,0.510578499013962,0.5240159386002877,0.043969318771300836,0.03053187918497513,0.1,20.0,0.0,0.6399732018188935,0.20170332445191835
0.043,1.0035217993808978,1.0293589403612788,-0.030011379093747736,0.031328750619765484,0.4386973180076628,0.07849666381655385,-0.005198973050542344,0.9862199169339945,0.11941386600568638,0.02147753396029258,1.0,5.06556284683691,0.0,0.017933953790639376,0.45546101408170375,0.5302517545094915,0.43847837985769017,-0.07479074042778772,0.016982634224013582,0.1,20.0,0.0,-0.2157101290051071,0.2303811830486558
0.086,1.0006391872005884,1.0964053600345838,-0.0059025773897612415,0.01601538003153426,0.411668639518525,0.05268948015357891,-0.0024614278887968855,0.6824829954887257,0.07161849269757264,0.043,1.0,6.270954798784031,0.0,0.004978836789841637,0.4094417431368132,0.44400680443812707,0.411668639518525,-0.03456506130131387,-0.002226896381711807,0.4,20.0,0.0,-0.24468069399435732,0.24058918643479338
0.031,1.0023801008222657,1.0523255668898917,-0.021802729176793934,0.28132833203704616,0.45047377802795757,0.8423270771401846,0.042238997006375345,0.17220073155343618,0.18163054695562433,0.015484004127966976,1.0,4.676354820300814,0.0,0.03794895824097855,0.4622009569377991,0.546809290652328,0.45029552490852803,-0.08460833371452886,0.011905432029271079,0.4,20.0,0.0,-0.23950727783206727,0.20518376555228557
0.062,1.0054636698073407,1.0853132887115464,-0.05077706573477858,0.022344150193166892,0.39836205091796145,0.06841510668384998,-0.003886995630465573,0.8667713789780009,0.1098682853016026,0.031,1.0,5.625570666603554,0.0,0.008081832259561883,0.43414856945208385,0.41048414826376584,0.39836221345806005,0.02366442118831802,0.0357863559940238,0.7,20.0,0.0,-0.03550415532447193,0.24300135964828787
0.087,0.9999803923074219,1.0874548782249682,-0.002341251842392651,0.1575008729482608,0.46224946198169253,0.8349856437894617,-0.04703621721205897,0.13945820692121944,0.08795054827460312,0.04345235487404162,1.0,6.102679273216148,0.0,0.022194297823239992,0.46062486983428047,0.44848665747401134,0.46224946198169253,0.01213821236026913,-0.0016245921474120628,0.7,20.0,0.0,-1.1973411132490743,0.41417696010043664
0.045,1.0146312167924796,1.0730315182396695,-0.06388891718349865,0.17664983017008284,0.5730322088812655,0.5335528761323923,-0.041868289894147065,0.7597464212316264,0.1307155322862129,0.022476439790575915,1.0,5.311660091058717,0.0,0.04503593501637037,0.60858443467422,0.5586005760603819,0.5728928846040101,0.04998385861383803,0.035691550070209854,0.7,20.0,0.0,0.5786067318591805,0.15552856266550136
0.072,0.9996946950314864,1.0831564226216681,0.003480932893405937,0.23286764049203051,0.530994884643491,1.1676284184126398,0.0326865397400129,0.039553951500550494,0.12667624521072796,0.036,1.0,6.045412759183291,0.0,0.019021759569276042,0.5304555103177089,0.46419368272673084,0.5309497917899108,0.06626182759097804,-0.000494281472201874,0.7,20.0,0.0,-0.0615450849095569,0.2178310516751718
0.044,1.0033833889888375,1.0533319259169862,-0.031259419309787484,0.09520880956118132,0.49731622386144186,0.29809685110709677,0.01677072123237744,0.5338098282112443,0.1150152149106124,0.022,1.0,5.008692915736733,0.0,0.017090682093130888,0.5090576427596596,0.5521569757744124,0.49738610506339853,-0.04309933301475277,0.011671537696261058,0.7,20.0,0.0,-0.06401350286950658,0.224276172261605
0.015,1.0038827153156036,1.0154800388626757,-0.019282450219610503,0.23591761556078453,0.5320835495588999,0.6263509055071625,0.07853916619535506,0.18816712347015374,0.26895093062605757,0.0074923857868020305,1.0,3.424464983325895,0.0,0.07119482480309763,0.5720599500827835,0.39861652862155106,0.5328953221143155,0.17344342146123248,0.03916462796846809,0.1,20.0,0.0,0.6396045929318781,0.25471257106622375
0.099,1.0007225292136954,1.1177872021979671,-0.006982761599962299,0.05720641039255556,0.4387411210667025,0.23848088470546294,-0.016983410549806233,0.6136926325328612,0.09253466967118465,0.04944506104328524,1.0,6.40387398480015,0.0,0.022252212794730747,0.43837276418671767,0.4548759823142025,0.4387746792397955,-0.016503218127484842,-0.00040191505307785036,0.7,20.0,0.0,-1.2069703271541146,0.4462549089305699
0.007,1.0000113264488477,1.0091739335186847,-0.00022377052978103662,0.008939536238415348,0.4283316549177576,0.022812598871908726,-0.0035883491362401765,0.9876988940745965,0.23011077542799596,0.0034964753272910373,1.0,2.659033316396929,0.0,0.033025598060169456,0.4284994964753273,0.13325968187123935,0.42833165491775765,0.295239814604088,0.00016784155756965902,0.2,20.0,0.0,-0.22710109321258187,0.13102115398191533
0.04,1.0025156649040992,1.0478957148731283,-0.026135978753553557,0.10583334479261647,0.5987694597069597,0.22058192683601469,-0.013616865794078503,0.626696943041201,0.125,0.02,1.0,4.901024066713684,0.0,0.025558823189272134,0.6029933608058609,0.46794529928727585,0.5988438644688645,0.135048061518585,0.00414949633699635,0.1,20.0,0.0,0.12014348216214277,0.2220008474742499
0.084,0.9996069594282746,1.086084335840525,0.007452995804928544,0.13243598621565664,0.4833621608935013,0.621083083138332,0.020806250512506175,0.2671077193163798,0.08572468288625494,0.042,1.0,6.173104553561408,0.0,0.010452178794980421,0.481996040674922,0.4271251712517421,0.4834011928997464,0.054870869423179924,-0.001405152224824402,0.1,20.0,0.0,-0.08753211814224526,0.2133307592602358
0.065,1.0217203810685802,1.0662974889003378,-0.09618819549506408,0.010519580120988418,0.5323192051487872,0.005492917354866489,-0.0005235208116766144,0.8537637439487673,0.11445907034142329,0.03246524064171123,1.0,5.702398808204496,0.0,0.02940165309547789,0.5819866167534978,0.46203356183504457,0.5323188928494395,0.11995305491845326,0.04966772390405838,0.1,20.0,0.0,1.1202368522693869,0.1579642915932241
0.1,0.9994120456845873,1.1053961471524556,0.004131907352404561,0.025702312507736896,0.48984056248762137,0.09564303215741571,0.00768854767964644,0.8296523849999357,0.10222222222222221,0.05,1.0,6.453789298700193,0.0,0.026660425626765197,0.4895058427411369,0.6078070448448846,0.48984056248762137,-0.11830120210374767,-0.00033471974648446867,0.1,20.0,0.0,-1.1754527243244568,0.4201758764107696
0.101,1.0271665460923425,1.1649480657636169,-0.13922788331620883,0.010445346079354883,0.522664874199401,0.02960032139181201,-0.002312452342386917,0.8884560169901778,0.0886188173878567,0.050443826473859844,1.0,6.598957651168473,0.0,0.014519358591833585,0.5365455592054057,0.4665055657989625,0.5226976632347476,0.07003999340644318,0.013847895970658053,0.1,20.0,0.0,0.6513773266533072,0.3701556735720587
0.022,1.0001403047454074,1.0210167792414282,-0.0013838448022994105,0.36952809853530133,0.5962423312883435,1.1520835418589748,0.056022737814798385,0.13150980278846555,0.193065625580963,0.011,1.0,4.079819849000504,0.0,0.036441527650998326,0.5971370143149284,0.3928629004238761,0.5963884019865614,0.20427411389105227,0.0007486123283669821,0.1,20.0,0.0,0.08007035829439291,0.14957793842694475
0.074,1.0014217343907064,1.0617844275817094,-0.009120558880007998,0.64755935822791,0.6577307284588838,6.268936240392173,0.1754037587619891,8.351859608280522e-07,0.17605510478080671,0.037,1.0,5.956625842065437,0.0,0.07013139650964668,0.6553717246435693,0.44584273640426564,0.6576874384155937,0.20952898823930366,-0.0023157137720244414,0.1,20.0,0.0,-1.251389173871974,0.46294305388701534
0.011,1.0034895909016555,1.0133756336755178,-0.015301143667650896,0.16879431610771714,0.32504298302170637,0.2929421023182747,0.05282539275541959,0.31659803900748207,0.23333946134755035,0.005494438827098079,1.0,3.1057894957098022,0.0,0.05432959193236348,0.38723711276902767,0.13428222481381832,0.32470628268500606,0.2529548879552094,0.0625308300840216,0.2,20.0,0.0,0.6884102140638171,0.12079681103672246
0.052,1.000517923534649,1.0551338290805927,-0.00480267249854319,0.4893073821854969,0.6228489286009763,3.2060420581469415,0.07321365774015776,0.0012602963591001031,0.13893622200584227,0.026,1.0,5.485331326728678,0.0,0.030218016303001846,0.625944540966879,0.461809992457267,0.6226662254212515,0.164134548509612,0.0032783155456275193,0.1,20.0,0.0,-0.14531314924682004,0.17698541245731816
0.032,1.002904339602196,1.0374708558211119,-0.024689617632137284,0.29972418261020384,0.55788465583862,1.1783746094294818,0.053977206427252455,0.03293511606957353,0.1880810950413223,0.016,1.0,4.729431549466038,0.0,0.022544209068552576,0.5714541527033115,0.5378573622448918,0.5580816724443053,0.03359679045841968,0.01337248025900617,0.4,20.0,0.0,-0.1561276376417875,0.21863192860761643
0.08,1.0224679597636752,1.118519998014514,-0.10979787797909024,0.323209340736796,0.5939799229133783,2.85198620043117,0.10165891160609003,0.006563224086282146,0.09904891304347826,0.04,1.0,6.1529740784282865,0.0,0.04201808970870599,0.6219288929826637,0.47421079223257084,0.5940618974796092,0.1477181007500929,0.027866995503054492,0.1,20.0,0.0,0.701061887607628,0.3704101369462835
0.096,0.9994818151669604,1.129102329429064,0.0017168552822176657,0.6087812058746513,0.6564925918388301,6.968166729496971,0.16266315502829093,1.5396871347979187e-07,0.1412702802359882,0.048,1.0,6.421247887888349,0.0,0.06480064283971423,0.6543827189354103,0.48159668576405484,0.656561690978563,0.1727860331713555,-0.0021789720431526494,0.1,20.0,0.0,-1.28304684597804,0.4513098066916007
0.051,1.0143308484289242,1.0584382290271381,-0.07019652772489038,0.378370729236699,0.5893911491841876,2.6834372622719607,0.11728524884293584,0.010498971343893507,0.1444761255397839,0.02547312961011591,1.0,5.3851048162971935,0.0,0.052744763586036164,0.6284457399938771,0.5645537021988877,0.5893290990476773,0.06389203779498942,0.03911664094619982,0.7,20.0,0.0,0.860893307674484,0.3248172994150324
0.022,0.9999157717621961,1.0196100747391241,0.0017738648397829793,0.2453974783455583,0.473762050832603,0.6553177169186326,0.03986575429183503,0.19775430781603498,0.1678518311953895,0.011,1.0,4.052739323007036,0.0,0.020221574921601315,0.4728856266432953,0.5273081895184669,0.47361598013438505,-0.05442256287517161,-0.0007303534910897413,0.4,20.0,0.0,0.07634057127267369,0.1583981956128886
0.006,1.000315262040137,1.0149773280850432,-0.0032019454855466423,0.13813663984879787,0.4919739380482655,0.16268464602869498,-0.026881537693581536,0.7730805599787849,0.3221830985915493,0.003,1.0,2.0699544250829858,0.0,0.03620591933854958,0.49248959584561813,0.0,0.49348299542581203,0.0,-0.0009933995801938988,0.0,20.0,0.0,-0.4137646171688001,0.16663806721337215
0.008,1.0022269449995898,1.0046528573919116,-0.010458697968096953,0.12808626390653402,0.4344431220564151,0.19502330218390754,0.04059305123097812,0.7381479091287606,0.2444556451612903,0.004,1.0,2.707661491055322,0.0,0.04808651957748965,0.4710976837865055,0.4907605765611807,0.4327647064807185,-0.0196628927746752,0.038332977305787,1.0,20.0,0.0,0.5542931081311715,0.24723312654616464
0.008,1.000016576366159,1.0041709183526726,-5.8406735370651955e-05,0.23723258190736185,0.6409736844782162,0.3337055546629843,0.07621037887463822,0.5134529462010885,0.2477318548387097,0.004,1.0,2.5531875265310537,0.0,0.06499596892482941,0.6392952689025196,0.42956168106770515,0.6414772091509252,0.2097335878348145,-0.0021819402484055672,0.2,20.0,0.0,-1.184293985506401,0.2791234121335073
0.012,1.0008254909243641,1.0074359007436071,-0.007685321419762525,0.34697928489831736,0.40364818396733293,0.7247520871547739,0.058068977913337205,0.16941477876509503,0.2241902834008097,0.006,1.0,3.354206569307685,0.0,0.03465996870329165,0.4079457185840165,0.6380286605896363,0.40364741641337387,-0.23008294200561974,0.004298302170642643,0.2,20.0,0.0,-0.2037793013475797,0.1819465757653381
0.036,0.9996736383310907,1.0293843860601442,0.006067440415500669,0.5724768607715203,0.6435547987762535,3.3177055183325206,0.09034143480458973,0.0004244889824111623,0.17548409405255877,0.018,1.0,4.844896844427744,0.0,0.03423646231266744,0.6477896454531968,0.6308429878408718,0.6435547987762535,0.016946657612325056,0.0042348466769432935,1.0,20.0,0.0,0.2634027800802232,0.14325319545392026
0.089,1.0244010661708591,1.116933115846773,-0.12324684448393164,0.2555612107267645,0.5698146085025925,1.7825888137703687,0.06924329486877273,0.0016593310224632275,0.13243873259413658,0.044451152579582875,1.0,6.278562470572668,0.0,0.03628071969205096,0.6017143796956828,0.4778622146181834,0.5700340273743042,0.12385216507749935,0.03168035232137856,0.1,20.0,0.0,0.7848172633629589,0.35816781342649906
0.034,0.9999957531793352,1.0468035026355442,0.00018086438217708618,0.6823571976455516,0.6668235146496017,3.7918947086435764,0.18415030954658296,0.00016751204308378746,0.18543721836560711,0.017,1.0,4.615855148117299,0.0,0.07013289613418865,0.6687684296379949,0.5945101041022464,0.6669097810402157,0.07425832553574852,0.0018586485977791778,0.1,20.0,0.0,-1.2174457770701421,0.3561104427274196
0.063,1.0164360922719649,1.0981229545115558,-0.08516652003134739,0.4267051183596501,0.6403886463790617,4.05117479222937,0.14041357582883413,0.0001261514206573013,0.13829174501533092,0.03146638207043757,1.0,5.517575835805437,0.0,0.04710441507811611,0.6662627545215405,0.6341223732291271,0.6403379338682854,0.03214038129241337,0.025924820653255076,0.4,20.0,0.0,0.8336902072085706,0.3296573112383119
0.032,1.0023642187901904,1.0396976214986617,-0.020655359701898968,0.4303524077061256,0.562733793330105,2.177028225355478,0.07851740267282259,0.01040344462747472,0.14269111570247933,0.016,1.0,4.58226526962721,0.0,0.02800254583595227,0.5693270609679278,0.41838634411430586,0.5627335019716229,0.15094071685362198,0.006593558996304982,0.2,20.0,0.0,-0.2884248432294445,0.2304198608582424
0.052,1.0007365570613835,1.064934411206572,-0.012139016896789395,0.5563614182729525,0.6002454427621963,4.126887642301576,0.08447613926808217,0.0007000019454471028,0.17336092177864332,0.026,1.0,5.207364185370716,0.0,0.03699917071805038,0.6011244863627588,0.5136919924021237,0.6000592923526654,0.08743249396063513,0.0010651940100934176,0.1,20.0,0.0,-0.08406602634593652,0.1876888134435027
0.09,1.0081092307091788,1.1270390222073845,-0.07458173835497584,0.5164779076399421,0.61964480439272,6.833526501401999,0.0921944931358431,3.0617669836841173e-07,0.15112942612942612,0.045,1.0,6.147069869194894,0.0,0.03384456813773461,0.6267602966436995,0.4795590396731919,0.61964480439272,0.14720125697050757,0.007115492250979516,0.1,20.0,0.0,0.044109613057587094,0.24554261899126054
0.082,0.9999994290332074,1.0921997068841776,0.001993732849259487,0.4617852581271073,0.5690265818261461,4.068729676302315,0.12883991234668524,0.00010868061272800059,0.10372495881821564,0.041,1.0,6.305936968383451,0.0,0.04229097767106901,0.5686649145254811,0.5151574372490145,0.5690669271823956,0.05350747727646654,-0.0004020126569145299,0.1,20.0,0.0,-1.148044123513596,0.4018236409364847
0.079,0.9997173647577314,1.1132976617754458,0.0016713736037412136,0.15601119136434968,0.5665850014384216,0.7838143540510003,0.02367099997999028,0.22955928050231833,0.110443381574788,0.039457111834962,1.0,6.110724430729251,0.0,0.022965566387038464,0.5654265306816881,0.4643311109355606,0.5666267620665014,0.10109541974612751,-0.0012002313848132884,0.1,20.0,0.0,0.022923198280594637,0.2073526988975127
0.076,1.018610807515189,1.063815381314465,-0.09985385219613407,0.3954267314603683,0.5203463203463203,4.124029506343226,0.12162102740743047,0.002208669948242165,0.11568694463431306,0.038,1.0,6.008804905831585,0.0,0.03395176391863103,0.5645654345654346,0.5178604360350323,0.5201332001332002,0.04670499853040233,0.04443223443223443,0.2,20.0,0.0,0.679959295191328,0.3348081609653342
0.047,1.0036614711613594,1.044207761789695,-0.03429494211836859,0.6061704967518371,0.7337250373103893,5.148991606219655,0.10502968738768048,2.182424361001136e-06,0.20439932129222388,0.023475341028331584,1.0,5.164702054851969,0.0,0.047062982482931254,0.7351798256056187,0.6203936490229525,0.7337949185123461,0.11478617658266621,0.0013849070932725471,0.1,20.0,0.0,0.02586040284682234,0.22798292457237535
0.019,1.001286507258282,1.027840328276941,-0.012134426807217435,0.6393308885057287,0.6725644386194846,3.0163097958299288,0.12243115768713553,0.004480212619080199,0.2619239229572402,0.009490316004077471,1.0,3.970612239875044,0.0,0.05305186161197488,0.6711081986311345,0.44153167302363466,0.6723702732877044,0.2295765256074998,-0.0012620746565699115,0.1,20.0,0.0,-0.28011489203907036,0.20405091265206485
0.025,1.0002831726840065,1.030482247386935,-0.0016404907673955998,0.17434634306941502,0.603048433048433,0.5037608178229618,0.05841964866401239,0.32826901985763945,0.2169230769230769,0.012487179487179487,1.0,4.302990852551355,0.0,0.07132401354136925,0.6041452991452992,0.30663095800158363,0.6036467236467237,0.2975143411437156,0.0004985754985755708,0.1,20.0,0.0,-1.2501605253717942,0.35658053407417767
0.026,1.0027349905688163,1.0412962577552822,-0.023184074081029737,0.5122944384420166,0.6117778129506525,2.6396370270148264,0.09701266809651071,0.014655306168111186,0.19941557415890065,0.013,1.0,4.129882283781181,0.0,0.041070855740008405,0.6225269951813162,0.3464206659517111,0.6117778129506525,0.27610632922960504,0.010749182230663679,0.1,20.0,0.0,0.28813984731779607,0.19754710167221404
0.058,0.9983024607705698,1.0593138114847738,0.013416038607176481,0.5003284286918857,0.6303162364510001,3.577484446520277,0.13940279506479836,0.0002683681694084526,0.14031956951460575,0.029,1.0,5.522190562547324,0.0,0.05417376732081902,0.6303246172756732,0.4525868812157783,0.6302603642865124,0.17773773605989496,6.425298916079569e-05,0.1,20.0,0.0,-1.1592330032613238,0.3756303018703924
0.059,0.9996175307818007,1.0777887180647892,0.007756689566870423,0.6189466966118015,0.6591850982332615,5.821615444541907,0.09224582627216044,1.983902887600725e-06,0.17520128244384806,0.029468650371944738,1.0,5.617356924337696,0.0,0.03915127449689504,0.6576602076302455,0.4341676640211494,0.6592381767895248,0.22349254360909604,-0.0015779691592793244,0.1,20.0,0.0,-0.25412786885835903,0.2177698173050191
0.067,1.0036206404525796,1.0809119266793255,-0.04048211746666208,0.3841482161719687,0.6004219462908124,3.005780734194692,0.06689667249660125,0.00218303777552773,0.1304690374494089,0.033464094319399784,1.0,5.788393234766938,0.0,0.027393382611776984,0.6029065999008681,0.49553777557512774,0.6003287453028819,0.10736882432574041,0.0025778545979862066,0.1,20.0,0.0,0.00424787471482535,0.2543863633191073
0.032,0.9998160625566899,1.0301652898054543,0.0030704293421691675,0.4649889810539315,0.60722807949891,2.0798741717061016,0.07224864556162813,0.002538238837682048,0.2147469008264463,0.016,1.0,4.535455676913049,0.0,0.036181803530904735,0.6074253874630776,0.5219255610073511,0.6069463358465916,0.08549982645572651,0.0004790516164859815,0.4,20.0,0.0,-0.06731720320349277,0.1645914035606056
0.106,1.029988336787452,1.1428118354268306,-0.14795978205249516,0.4624258374129221,0.6549367920173289,7.278579637386421,0.14369876140086513,8.390238368493594e-08,0.15613524123084715,0.053,1.0,6.547919468413836,0.0,0.056529606151486986,0.680093924221441,0.5322276008450634,0.6549687511096908,0.14786632337637762,0.02512517311175022,0.1,20.0,0.0,0.7286935750750332,0.38835362367261045
0.057,1.0012495981181748,1.046740878552824,-0.007554862534083273,0.5411899158443424,0.6521787483570923,4.052592961288843,0.15069670107983796,8.726148188382728e-05,0.1526855314319734,0.028469777306468717,1.0,5.5403985005151375,0.0,0.0623628972590152,0.6521778614973385,0.49487662461544013,0.6522344431496291,0.15730123688189834,-5.658165229061041e-05,0.1,20.0,0.0,-1.2508495731493117,0.4202335632668482
0.056,1.0161066820962759,1.1076151144422106,-0.07776912123347213,0.22778824869661143,0.6042796698437924,1.2233642018597717,0.06656944242957907,0.07324994495346444,0.13536622276029056,0.028,1.0,5.46960083008274,0.0,0.04675089191422282,0.6393022739281167,0.4392177572051345,0.6040565359297433,0.20008451672298216,0.03524573799837338,0.1,20.0,0.0,0.7846296776826147,0.33377336491125603
0.042,1.0039909137220662,1.0462558940534612,-0.03280478365777828,0.4268156430881388,0.5941777690700104,2.715361232749809,0.07632167879395058,0.0011356129384839592,0.19895118799085396,0.021,1.0,4.989130367532439,0.0,0.03788379256769772,0.609461999925362,0.5972022876647096,0.5944763210927003,0.012259712260652367,0.014985678832661664,0.7,20.0,0.0,-0.23514126992675344,0.22505573272642165
0.033,1.0003280571024906,1.0572335445984642,-0.00351674598435019,0.5161461831606148,0.6818790757409684,2.506890288394851,0.07715411185334042,0.0009255988207117362,0.1967346682961988,0.016482936918304034,1.0,4.688634556560644,0.0,0.04384006036188243,0.681220896929606,0.5399519738586359,0.681972893172247,0.14126892307097005,-0.0007519962426409954,0.2,20.0,0.0,-0.2412273526982971,0.17922620155585714
0.076,1.0003977323342967,1.0786078578970721,-0.002959247820764132,0.45714045057567826,0.6143706293706295,3.829095441141296,0.12978784892135187,0.00012479618323216082,0.13350136705399865,0.038,1.0,6.035723561985636,0.0,0.049717949124736774,0.6134598734598735,0.5593509243020046,0.6144955044955046,0.0541089491578689,-0.0010356310356310905,0.4,20.0,0.0,-1.1468597662216522,0.40197182001559734
0.05,1.0136229438126632,1.05768429361881,-0.06783322941004855,0.37489274763647457,0.6037514984031388,2.86659762329888,0.11925142714657982,0.006500852019038367,0.18052631578947367,0.025,1.0,5.314589921901075,0.0,0.05966496580658785,0.6336885850454865,0.4717137916255077,0.6038135485396491,0.16197479341997884,0.02987503650583745,0.1,20.0,0.0,0.7395329616960362,0.31545625996785115
0.1,1.0016086595737947,1.1196248913817066,-0.02171749474092205,0.566719888752661,0.6584145375321846,6.780599425986751,0.08492398356696246,1.242849691248278e-07,0.1297222222222222,0.05,1.0,6.653044757001556,0.0,0.02812528657591369,0.6582263814616756,0.5392263841386032,0.6585452564864329,0.11899999732307232,-0.00031887502475735907,0.1,20.0,0.0,-0.0637001381792115,0.2494643841683578
0.056,1.0032434731728037,1.1032527605241655,-0.03209481142986609,0.4025893335484264,0.5751495984594656,2.919396441011796,0.07156113558593341,0.0020644140527447757,0.12405417675544794,0.028,1.0,5.490926153162484,0.0,0.027668925897274793,0.5801296904287927,0.4450329658077952,0.575264259571631,0.13509672462099748,0.004865430857161734,0.1,20.0,0.0,-0.3780661498555413,0.2623249673568755
0.088,0.9995887587924318,1.093442787617991,0.0009250085503057122,0.27405746909166673,0.5448099415204678,1.8278843600188852,0.0784606021407695,0.01615912776461381,0.1013755980861244,0.044,1.0,6.353488418526592,0.0,0.0341936644154798,0.5454716172615446,0.47407430450215604,0.5449195906432748,0.07139731275938854,0.0005520266182698075,0.1,20.0,0.0,-1.191311899223915,0.4199998368406959
0.033,1.0095000363301085,1.0314867687994052,-0.04379401140437156,0.3602605304648229,0.6203846631225821,1.7104620627154126,0.11107448161046762,0.024834686514492905,0.19630378239478552,0.016482936918304034,1.0,4.893956434005673,0.0,0.0664820058712044,0.6566654954055681,0.5954105028018939,0.6205725893436217,0.061254992603674174,0.03609290606194637,0.4,20.0,0.0,0.4133654684495469,0.31137016363505
0.056,1.0005502832592401,1.045249258267692,-0.007010522527305496,0.36757246579734026,0.5828891446986578,2.4394666424036853,0.05926469913151289,0.0058421782142833965,0.14546761501210653,0.028,1.0,5.6394307801168,0.0,0.030724702461366465,0.5824725768183138,0.5208318823322363,0.5829450168631455,0.06164069448607745,-0.0004724400448317123,0.7,20.0,0.0,0.14822583198486994,0.1886617139161605
0.046,1.0038509596014207,1.0662420741459182,-0.037075077893405584,0.6538171400782022,0.6965889238294899,6.020948163149317,0.12292625034611804,1.3894133334802352e-06,0.16983410810318111,0.023,1.0,5.127831796467709,0.0,0.04358604942014306,0.7020352900069882,0.4996650767710551,0.6965889238294899,0.20237021323593307,0.005446366177498274,0.1,20.0,0.0,0.32774288747985114,0.20417768591668015
0.055,1.014930607672415,1.0995476782154594,-0.07327852505093535,0.40986431098410536,0.5824375754200316,3.612707517996193,0.12786851276640326,0.00012984227547726228,0.16164021164021164,0.027470899470899472,1.0,5.401504109190427,0.0,0.05177193679079671,0.6143568798539558,0.4112608562070194,0.582261208576998,0.2030960236469364,0.03209567127695778,0.1,20.0,0.0,0.5479757074913478,0.33374213844736816
0.088,1.0028447730277381,1.1252987679443773,-0.017882894933091878,0.4167511702587302,0.6157516636418633,3.5901859866186996,0.11790209492054216,0.00021887824776623848,0.11904405901116427,0.044,1.0,6.392352742098552,0.0,0.03663780882006003,0.6147433958459366,0.4968215778316683,0.6158272837265578,0.11792181801426832,-0.0010838878806211927,0.1,20.0,0.0,-1.1723954204592473,0.44138847729546915
0.09,1.0080163272503715,1.11769493397489,-0.0719525444153889,0.6807897783280283,0.6997059135738136,11.342183805553741,0.12068573591203186,1.6105684490151898e-11,0.14636752136752135,0.045,1.0,6.290946394096731,0.0,0.03999309747774754,0.7080915986335475,0.4828692856837231,0.6996328141586089,0.22522231294982442,0.008458784474938641,0.1,20.0,0.0,-0.012376217886806984,0.2579137872131172
0.068,1.0210492792581307,1.0920848448651328,-0.09549413125072537,0.36745023488286255,0.5950915877362258,3.32016686608116,0.11328896052487225,0.001204472139058445,0.12600984599848522,0.034,1.0,5.775085444220954,0.0,0.04016425601724967,0.6397571362643542,0.5403791088257905,0.5950915877362258,0.09937802743856361,0.04466554852812832,0.1,20.0,0.0,0.5437099321952101,0.3578628368549253
0.096,0.9987457065494935,1.1199745126523286,0.006056388822162157,0.6688293628517341,0.6661145611024327,8.21935381437594,0.18103286180749206,7.722730750487171e-09,0.14627120206489677,0.048,1.0,6.446745586258359,0.0,0.06340438642984875,0.6602815852969864,0.49427580161437773,0.6660799542364305,0.1660057836826087,-0.005798368939444076,0.1,20.0,0.0,-1.14799688787297,0.40770422862355715
0.041,1.0004756988296903,1.0447546776695997,-0.0026824235413712583,0.35824863098818976,0.6014592447782103,1.6400562324944903,0.10322841525475152,0.022678766426473713,0.13234695694193646,0.020478623566214806,1.0,4.953789609038787,0.0,0.041237786602312546,0.6004848599676186,0.5662987508952092,0.6013791165730821,0.034186109072409376,-0.0008942566054634948,0.4,20.0,0.0,-1.2175658168793029,0.38289273367421756
0.017,1.0014980988569433,1.0205924089903822,-0.01260098960516709,0.4161326470583373,0.5196072946968001,1.302918333730878,0.07452830018039164,0.044533644495754934,0.2285171443959069,0.008491353001017294,1.0,3.6665333407948384,0.0,0.03708479203366004,0.5305875661967628,0.40852587916417704,0.5195395440192934,0.1220616870325858,0.011048022177469474,0.4,20.0,0.0,-0.29932200041791646,0.2052793905890304
0.094,0.9998675455798963,1.1147040802866874,0.00264654294496278,0.2611099942700377,0.5752165224667095,1.8291457388810857,0.040847505622531255,0.02006075869574456,0.11230684326710817,0.047,1.0,6.483355982486833,0.0,0.01743593789643795,0.5734574165064444,0.43057917817873986,0.5752165224667095,0.14287823832770458,-0.0017591059602650727,0.1,20.0,0.0,-0.31054318202013054,0.23628791689210762
0.085,1.0246613554615536,1.0985874676793717,-0.11779583766283608,0.32661669275820365,0.6050109020431236,3.1490704870300843,0.09394101120310472,0.0003943373068061712,0.10218579234972679,0.042453551912568305,1.0,6.180680105753426,0.0,0.03371216394796275,0.633047995908369,0.42551048024074173,0.6050499340493687,0.2075375156676273,0.027998061859000334,0.1,20.0,0.0,0.5048883476763688,0.3783054558677668
0.048,0.9999058277237688,1.0808945402482313,0.0001107890222132625,0.2681497949597947,0.6105847287529181,1.2617081687602565,0.08270395058900071,0.06295341932021895,0.15353641456582634,0.024,1.0,5.291135255034855,0.0,0.06730786064984862,0.6096001643420697,0.4524239356224893,0.6105192151260838,0.15717622871958037,-0.0009190507840141082,0.1,20.0,0.0,-1.2161899478866713,0.37989347837705156
0.039,1.0111007851258453,1.0680966052838035,-0.05146224109044972,0.2993826607675705,0.5031619438453551,1.4184464501777743,0.08603022000089228,0.05009810506802994,0.1606833159902879,0.019479708636836627,1.0,4.995031445471142,0.0,0.0589013026700686,0.5390276779295472,0.3854727963136111,0.5032420720504832,0.1535548816159361,0.035785605879063986,0.1,20.0,0.0,0.2847296746883776,0.3085658116190226
0.061,1.0055360348935989,1.1044151382285434,-0.048474339936405375,0.4284289859477035,0.630485825853238,3.5118673131408062,0.07409198602737099,0.0007996961308123763,0.15740498262888666,0.03046751863684771,1.0,5.551206369438668,0.0,0.03738682876581645,0.6369034940919924,0.4724040113468377,0.630485825853238,0.16449948274515475,0.006417668238754448,0.1,20.0,0.0,-0.15388985532993127,0.2507168854062141
0.091,0.9992703963228318,1.115230384232969,0.011721141452058478,0.5398741446500955,0.6336858417024498,5.7505650192886835,0.07579087465647633,1.1610191180891685e-05,0.13422853274338423,0.04544994499449945,1.0,6.397555273180946,0.0,0.028495816378660874,0.6335438920236109,0.5106700216994934,0.6337225120361498,0.12287387032411756,-0.00017862001253887705,0.2,20.0,0.0,-0.10364308166320457,0.2312519082582593
0.082,0.9994270869580262,1.1192766212120653,0.010008887924710011,0.5404180813040353,0.6289163813673617,5.3851221071145625,0.07882920591456899,2.1505116425083084e-05,0.14432222753600085,0.041,1.0,6.187988541196195,0.0,0.032166139998967,0.6291094627151272,0.476521265483049,0.6289956311742805,0.15258819723207823,0.00011383154084676494,0.1,20.0,0.0,0.08065093946457003,0.21586417073288885
0.033,1.0022243801198147,1.0257748189170448,-0.021645502430163277,0.35922787085775165,0.616116261357882,1.6479164246430198,0.0631030939821608,0.01269794323971423,0.18753721287330385,0.016482936918304034,1.0,4.842110223955499,0.0,0.036764724315010086,0.6201539072046544,0.5663006842602342,0.6159280437783602,0.05385322294442019,0.004225863426294163,0.4,20.0,0.0,-0.24346789011745607,0.22406859182912908
0.115,1.0017452162926384,1.1606095646589747,-0.021466308011243294,0.4439003342824912,0.6244477992024825,5.006807626206367,0.06433372196522713,3.5756928040154923e-06,0.1080201424711373,0.05743502824858757,1.0,6.751959974921624,0.0,0.018235699772435388,0.6239217121465115,0.4660478940701322,0.6243890909368162,0.1578738180763793,-0.00046737879030467333,0.1,20.0,0.0,-0.1187307357874352,0.24073732761338018
0.017,1.001528974093987,1.0258180655917588,-0.013655768440290483,0.4544012022091195,0.5858089265143416,1.5299322156179633,0.08402067675290664,0.043997484828601524,0.18978517144395907,0.008491353001017294,1.0,3.6876122990584794,0.0,0.03747464698164607,0.5926980515982531,0.5892777934934742,0.5854701731268077,0.0034202581047788616,0.007227878471445348,0.7,20.0,0.0,0.4442105770423779,0.17074464686726373
0.039,1.0001264405104195,1.0538971075697825,0.00015183636679130808,0.2884960057513421,0.6388409617381581,0.9944143159357066,0.04042818442257734,0.08221618965794704,0.16220416766722698,0.019479708636836627,1.0,5.033038124487384,0.0,0.028688327465658442,0.6390009685278377,0.6143399176109456,0.6386819534307852,0.02466105091689208,0.00031901509705256625,0.7,20.0,0.0,-0.05283278533471769,0.16937852909653392
0.023,1.0063015320422117,1.0395888185853062,-0.030227877730388597,0.29505462143388494,0.5116525652261849,1.0095447452616344,0.09652870004216751,0.2233647146747476,0.1789639980419207,0.011488229273285569,1.0,4.254863372110048,0.0,0.05175510913860718,0.5520394278523112,0.4634283386993414,0.5116525652261849,0.08861108915296978,0.04038686262612634,0.2,20.0,0.0,0.5500294905259095,0.27540280009628154
0.079,1.001654892039868,1.0792838191523086,-0.010407862384335657,0.3507111818449778,0.593130840687844,2.5427572247351335,0.09989112524470933,0.0027170905823158177,0.1314613999642656,0.039457111834962,1.0,6.1905874204307825,0.0,0.05043287248725663,0.5930875333698352,0.5743610082184599,0.5932143619440037,0.018726525151375295,-0.00012682857416845827,0.7,20.0,0.0,-1.2297696511707903,0.4301575670119464
0.084,1.0211370546405316,1.0952365752192175,-0.11204872434721413,0.2376090443946427,0.5270994372247988,1.7132191802395969,0.07076686605795834,0.019451014889446002,0.10544032023289665,0.042,1.0,6.164450547789439,0.0,0.0347696566228132,0.5598354277958907,0.5300987155342066,0.5272165332435342,0.029736712261684062,0.03261889455235645,0.7,20.0,0.0,0.7736278653849564,0.35097140358123435
0.112,1.0107737681970266,1.1512116978169034,-0.0892317768335249,0.3878954759083892,0.6084781438622121,4.49537018081562,0.06639682222686832,1.7954271331340247e-05,0.10221605534105534,0.056,1.0,6.718103529143258,0.0,0.02339094890424552,0.624678020837338,0.5217529912808784,0.6085398164878962,0.10292502955645966,0.016138204349441798,0.1,20.0,0.0,-0.33786732626253935,0.2924477368128305
0.036,0.9997641217506776,1.0685183323472767,0.004140761508703586,0.20479476890449086,0.38582414770956014,0.6909211068862776,0.031617634972656794,0.17447358657501222,0.14482480405716922,0.018,1.0,4.877661689938959,0.0,0.014018952187476952,0.38634282102384504,0.6089955689711887,0.38565080870038204,-0.22265274794734363,0.0006920123234629982,0.1,20.0,0.0,-0.04453524275005938,0.16053811707635904
0.035,1.0097769908236731,1.0328201414860991,-0.04672798493501973,0.30119579520816053,0.5401476354848967,1.430222394399334,0.09526172561623036,0.008257262463510507,0.16258327165062916,0.017481865284974092,1.0,4.8834568189664544,0.0,0.029912285101210273,0.5711893660390207,0.5493151557759441,0.5403198995234754,0.021874210263076566,0.03086946651554534,1.0,20.0,0.0,0.6361360529982716,0.30641058526894527
0.077,0.9983903611850851,1.0876440028470231,0.013009806931152765,0.6728274192409058,0.6801829820559462,7.296331320807456,0.18466502999959622,5.4096836436975707e-08,0.15990347680488526,0.03845828819068256,1.0,6.170799275737451,0.0,0.06839158964019136,0.679731940155393,0.4597502438016907,0.6802279371009012,0.21998169635370224,-0.0004959969455082813,0.1,20.0,0.0,-1.2079903153108653,0.3967275774736643
0.029,1.0089476118437493,1.0524694229206166,-0.04008705741713503,0.542736776436002,0.6670917439244848,3.6652329180936425,0.19333261747380415,0.000542195376343357,0.21018146951241168,0.014485066941297631,1.0,4.301568545849061,0.0,0.08098099198313147,0.6977569397551816,0.4238863462701345,0.6671031751087556,0.2738705934850471,0.030653764646425996,0.1,20.0,0.0,0.6329674643765033,0.1492876907975381
0.012,0.9999493148733125,1.008060240756191,0.0010892989738962022,0.40779815404704944,0.6232868195634153,0.9515231719699796,0.0695361456879584,0.18892915324681359,0.22284075573549258,0.006,1.0,3.4640830194197716,0.0,0.04921488786687471,0.6245502133800006,0.7089962441026271,0.6235401123698996,-0.08444603072262646,0.0010101010101010166,0.7,20.0,0.0,0.15830382039911228,0.13285862289092001
0.048,1.0025407831861157,1.0532809858036858,-0.026281916795819926,0.2101503539459273,0.5645908560337017,0.9055885477573873,0.03743746897602013,0.027508390676319914,0.1448266806722689,0.024,1.0,5.307823599514327,0.0,0.02066146842607683,0.5698362861998956,0.5252279404673813,0.5645251357392748,0.044608345732514265,0.005311150460620806,0.7,20.0,0.0,-0.28138612092479454,0.23133905441942917
0.077,0.9983177633562536,1.0802153242368022,0.011315212812137751,0.4613905997414282,0.6242252427268714,4.033704557896192,0.13562917161208804,0.00010520454750825273,0.15746225605380534,0.03845828819068256,1.0,6.03738771572399,0.0,0.061003397860231345,0.6244830088478297,0.5040334839274087,0.6242251071404166,0.12044952492042105,0.0002579017074131329,0.1,20.0,0.0,-1.2115456150084125,0.4244548624090266
0.072,1.0209202612422348,1.122815561326579,-0.10061918513586643,0.616567723573943,0.6654243658001878,10.462368960545316,0.20768006219668467,2.1802737670755472e-06,0.16379310344827586,0.036,1.0,5.960970589407358,0.0,0.0842613101809206,0.69528192458039,0.4979886352913771,0.6656486701233022,0.19729328928901285,0.029633254457087754,0.1,20.0,0.0,0.7354842803365305,0.3632746052601797
0.091,1.0034632467220799,1.0880654406176695,-0.02036422935302952,0.5758000933539361,0.6615020641849131,6.092941705035559,0.1549419952452057,9.190191480512788e-07,0.13944196617463944,0.04544994499449945,1.0,6.275031383544796,0.0,0.07087376232353647,0.6630516815122371,0.48972008527486155,0.6614677596791937,0.1733315962373756,0.0015839218330434557,0.1,20.0,0.0,-1.3076526820042582,0.49193804319595497
0.008,1.0000224180688582,1.008903999955795,-0.0007492149830538308,0.3201266601604221,0.407357563550917,0.4668518285521145,0.05120246001238865,0.21223143669557548,0.30594758064516125,0.004,1.0,3.134704548395087,0.0,0.04212876175025286,0.4056760963105374,0.5163421362216544,0.4070218804357777,-0.11066603991111695,-0.0013457841252402791,1.0,20.0,0.0,0.025371852493400127,0.12676855605812234
0.076,1.0043314850238867,1.121710804278463,-0.04640593397088877,0.48020693215449156,0.6401548451548451,5.502948584631311,0.09047434811133526,1.7548763744643475e-06,0.16898781043517885,0.038,1.0,6.074829865552783,0.0,0.04013140407284051,0.642952047952048,0.5731987057862736,0.6402397602397601,0.06975334216577433,0.0027122877122878197,0.2,20.0,0.0,-0.052200530818327096,0.2584882608868731
0.08,1.001430328964989,1.1058774078049236,-0.019898907905013016,0.31605671960369014,0.5594793663779493,2.1331739328659696,0.045850663733210784,0.008026667327915028,0.1076086956521739,0.04,1.0,6.122815056061581,0.0,0.017484909057736045,0.5614553486893158,0.4607215330871968,0.5594778196880202,0.10073381560211897,0.0019775290012955526,0.1,20.0,0.0,0.09769750418408707,0.18286014514808363
0.018,1.0048290205075991,1.0238473808072919,-0.023813031459623435,0.49418356199026003,0.6572136860512336,2.221782411561752,0.17117063518515557,0.007090339236246407,0.24100475220638154,0.009,1.0,3.9486513064464734,0.0,0.07754905655923638,0.6772565948136546,0.4574900864734605,0.6565351433330847,0.21976650834019412,0.02072145148056992,0.1,20.0,0.0,0.7312863053638679,0.2718623001477581
0.05,0.9995201874366698,1.0538193697569371,0.0029478725264374846,0.39339712211634054,0.6038922856608203,2.11721239932797,0.1146156377478515,0.007633723596721227,0.16526315789473683,0.025,1.0,5.292234917453935,0.0,0.06179531154849395,0.6017209713019098,0.5368927588539961,0.604023726249674,0.0648282124479137,-0.0023027549477642184,0.2,20.0,0.0,-1.1666535586682474,0.36981864074496046
0.08,1.0071562570455868,1.1517357478295005,-0.06198417541559764,0.43109016901149433,0.6197695723147597,3.8174629987698814,0.07068265438624577,9.041423772057241e-05,0.14076086956521738,0.04,1.0,6.2393314622268425,0.0,0.03360480311013732,0.6291734268642006,0.5280845271304754,0.6196891444384579,0.10108889973372526,0.00948428242574273,0.1,20.0,0.0,-0.0855025494026207,0.24805802946506675
0.057,1.0005612301357132,1.0731064153994367,-0.00411311110539396,0.42753481784236547,0.6343124265014979,2.8951948328293806,0.12455066412346955,0.0011422545275776518,0.14080203159010996,0.028469777306468717,1.0,5.481092950713163,0.0,0.053159261022290946,0.6324689998173069,0.5436577906174817,0.6343124265014979,0.08881120919982521,-0.0018434266841910185,0.2,20.0,0.0,-1.1157248804314523,0.36565271273941513
0.091,1.0004885947338764,1.141019035206076,-0.006632327746364644,0.48078791921636505,0.6557637484178526,4.798978506947713,0.06949599459637334,4.881962503995994e-06,0.14127951256664129,0.04544994499449945,1.0,6.330836239402272,0.0,0.03492546572502982,0.6555543726415652,0.5337243544400166,0.6556915906644428,0.1218300182015486,-0.00013721802287758322,0.1,20.0,0.0,-0.2035830012293527,0.2437526302377782
0.028,1.0000043838661143,1.0561152740676407,-0.001654630545155758,0.20391679531323578,0.5564929126657522,0.5816552270509884,0.031965817090151116,0.2144502009733683,0.1522633744855967,0.014,1.0,4.326358205230302,0.0,0.03153445724236009,0.5563786008230452,0.3365159640154862,0.5563786008230452,0.21986263680755902,0.0,0.2,20.0,0.0,0.045232804520038083,0.1666978166128771
0.06,1.0005674096775137,1.067063375378347,-0.0034875351380212333,0.49322228554174335,0.5975407500864858,3.706384716592388,0.1372704793712642,0.0002372885720667626,0.150354609929078,0.03,1.0,5.665609321798875,0.0,0.058911511717372717,0.5986569259884821,0.5335467566173062,0.5976472463591163,0.06511016937117586,0.0010096796293658228,0.2,20.0,0.0,-1.1943416327212386,0.3882043311693338
0.087,1.0255535069827588,1.1136741869504496,-0.12168629323591773,0.343398456831418,0.5192331627542571,3.54192113559953,0.10381713173312107,0.012515719578866368,0.10585917337059839,0.04345235487404162,1.0,6.2561806370377315,0.0,0.03521237132924786,0.5852595380480596,0.4420364222272908,0.5192709727966043,0.14322311582076885,0.06598856525145536,0.1,20.0,0.0,0.5871709823427191,0.3785166444924018
0.016,1.0006476373994035,1.0224843965745751,-0.007516111495210587,0.6925848385457383,0.7029810298102981,2.9792415471392197,0.1335871476812679,0.0008250656280489023,0.2849339430894309,0.008,1.0,3.367207093384514,0.0,0.04637928255703373,0.7026761517615178,0.42060187415724964,0.7029471544715448,0.2820742776042681,-0.0002710027100270018,0.1,20.0,0.0,-0.29555152732331136,0.1960924846139062
0.04,0.9998518948335996,1.0464688964026891,0.0023218023246079633,0.4083990796591779,0.5884157509157509,1.981982554051063,0.06443711116646311,0.012976004796297297,0.17057291666666669,0.02,1.0,4.960520932813328,0.0,0.030336756355331757,0.5886332417582417,0.47505887149736586,0.5886504120879121,0.11357437026087586,-1.7170329670412876e-05,0.1,20.0,0.0,-0.012240775189914288,0.16660306885872106
0.052,1.004033747710635,1.0516382081837539,-0.03678199177439245,0.4181794621934381,0.6320013237362456,2.9845285612372803,0.07179566582646962,0.0013945558935945866,0.18563372281726712,0.026,1.0,5.335212367531646,0.0,0.042540386415635255,0.6358932461873638,0.4450006594654656,0.6320564794131436,0.19089258672189818,0.0038367667742201794,0.1,20.0,0.0,-0.09549025118645948,0.2416868640695207
0.05,0.999795981035699,1.0360122371941187,0.0012415551535760088,0.4927343124766987,0.589550336166891,3.0736365472922125,0.13994133215649518,0.0008669466151318861,0.15631578947368424,0.025,1.0,5.154846743168368,0.0,0.0626116797415536,0.5880822240648046,0.5125675560531872,0.5898097429284377,0.07551466801161744,-0.001727518863633093,0.4,20.0,0.0,-1.2636946957507973,0.39962346075198646
0.083,1.0233767670437222,1.117528586725095,-0.11651756559251103,0.42844849691232334,0.6253404505565296,5.350546706006745,0.140425372656716,1.4579446537801897e-06,0.1334465451774382,0.04145474372955289,1.0,6.086184801894481,0.0,0.05315809285344293,0.6529761975626114,0.5234577863704079,0.6252597598440307,0.12951841119220353,0.027716437718580678,0.1,20.0,0.0,0.850159932542784,0.35963052682387514
0.034,1.0090880486212608,1.0500096819829796,-0.0456048713484134,0.34336914946965796,0.5656879352531526,1.7384011189648432,0.1036867297714712,0.030759407307746373,0.18268176835951772,0.017,1.0,4.8697229179096855,0.0,0.041833366483726514,0.5738126607691826,0.4220410487356679,0.5656879352531526,0.1517716120335147,0.00812472551602994,0.2,20.0,0.0,0.7610117223609838,0.2878843953951562
0.059,1.0008311654884092,1.065668226415091,-0.004333005144068092,0.48697621973969696,0.610274819647152,3.4202528626135518,0.13442230386599796,0.00032411866892897783,0.16654658765467678,0.029468650371944738,1.0,5.495200602425163,0.0,0.060366085871818784,0.6083776205026924,0.5115461818140336,0.6103278982034154,0.09683143868865884,-0.00195027770072298,0.1,20.0,0.0,-1.207347561186031,0.3967867837541207
0.058,1.0002180082551038,1.0970199527427218,-0.003764244522696081,0.38555444390799687,0.5918678064588222,2.469800178687478,0.06097187242051216,0.0026423510215597933,0.1494893476828465,0.029,1.0,5.710903342785256,0.0,0.027843956481173354,0.5917448876969493,0.48422631080630857,0.5917616493462957,0.10751857689064076,-1.6761649346386243e-05,0.1,20.0,0.0,-0.060542591959413805,0.19186559642471282
0.023,1.0021521882180096,1.0184755901595954,-0.018371664786451247,0.39471291714366974,0.598789410998,1.5491863444891012,0.07448567047492932,0.049186146425469375,0.17621601174847581,0.011488229273285569,1.0,4.178602371300441,0.0,0.035920493442776834,0.5950129778197263,0.5279625227159045,0.599172846580822,0.0670504551038218,-0.004159868761095753,0.7,20.0,0.0,-0.03760190741046898,0.20001519664826148
0.033,1.0000960176323808,1.0451545865519587,0.0011716923250971734,0.2468594515417768,0.5978206968246005,0.8412198968183344,0.03845295541531474,0.23513892017013227,0.15690514242737613,0.016482936918304034,1.0,4.702169442346093,0.0,0.024646281198426045,0.5946224547651388,0.598105547932054,0.5981024404769189,-0.0034830931669151965,-0.003479985711780098,1.0,20.0,0.0,-0.06159096095160432,0.189635419275352
0.082,1.0224927678958293,1.1092801526057088,-0.11451488201237958,0.34299445635628223,0.6388687162107641,2.8565898094536277,0.09804536512683626,0.00487288144992438,0.13378766140602583,0.041,1.0,6.099996124348984,0.0,0.06162503680988521,0.6671421655081785,0.4984700124864889,0.6389494069232632,0.16867215302168959,0.028192758584915323,0.1,20.0,0.0,1.0711722123906249,0.18795131884197552
0.095,0.9995139433541629,1.1249102292186541,0.00030247066305784387,0.3046444574655314,0.5032934188490358,2.369068339598146,0.08867662071066562,0.004152934290213151,0.12239022971794127,0.047447513812154694,1.0,6.149415009432882,0.0,0.03431902319974485,0.5024186768960451,0.5113347469997086,0.503328025715038,-0.008916070103663465,-0.00090934881899285,1.0,20.0,0.0,-1.1974971208371972,0.442220685928662
0.069,1.005732148617727,1.083849448729133,-0.05276235333709767,0.37012306178248,0.6134882874919764,2.890017327182977,0.06491755411170536,0.0008066046942028656,0.12516928968383692,0.03446294307196563,1.0,5.947219183220366,0.0,0.023323966252857237,0.6210617697063717,0.4962002524886074,0.6135350383101158,0.12486151721776434,0.007526731396255926,0.1,20.0,0.0,-0.0833740280056654,0.24489880936591055
0.084,1.003239065483835,1.1425893013965251,-0.0197715348169408,0.44529741832419795,0.6005570352002367,3.937586301496969,0.1254930123816872,0.00012623410537762993,0.12258265751715533,0.042,1.0,6.168687294138959,0.0,0.047937629509752736,0.6032465445194471,0.5456510851720173,0.6005570352002367,0.05759545934742982,0.0026895093192104147,0.1,20.0,0.0,-1.2384236088100433,0.4248475367590891
0.036,1.0002974290963724,1.0408337309217068,-0.0022956126170113264,0.1722036356707828,0.5273784262000435,0.5020344888261015,0.025173744351065397,0.26677024617704237,0.1608460119870908,0.018,1.0,4.904843821641457,0.0,0.021009480130109476,0.525822137514539,0.3496313815171909,0.5272918910667793,0.17619075599734807,-0.0014697535522403271,0.1,20.0,0.0,-0.19730732437518617,0.18968288565200372
0.057,1.0051004915014436,1.069531310777214,-0.04645770835964402,0.23998327676740608,0.5366255341112868,1.3146324847311086,0.043604925055728605,0.03481309162522022,0.1300487432791948,0.028469777306468717,1.0,5.619950646019318,0.0,0.027119435168386816,0.5521399038998771,0.5120184556869158,0.536737278440262,0.040121448212961264,0.015402625459615127,0.7,20.0,0.0,0.021413271623358376,0.23982527308644255
0.08,1.0031457146754017,1.0975987748720004,-0.019396661828730857,0.21214235415519553,0.5512270881896112,1.1226984075316024,0.058594488784758925,0.07721222905272891,0.12921195652173914,0.04,1.0,6.070753645171179,0.0,0.042923760373138886,0.5518478668507409,0.5552474915206487,0.5513077789021101,-0.0033996246699077304,0.0005400879486308074,1.0,20.0,0.0,-1.2316007743798294,0.4269672842091038
0.069,1.0201294949211859,1.0979253624642502,-0.09570073690898462,0.1457374744232033,0.5571505451506172,0.7512152671221854,0.04374677443640512,0.12813494723004512,0.1285745419449244,0.03446294307196563,1.0,5.861396187461162,0.0,0.041883163762977266,0.6009342647419159,0.39174934227525665,0.557103794332478,0.20918492246665926,0.04383047040943788,0.1,20.0,0.0,0.5411092231089079,0.3597574607242404
0.064,1.0011309277814728,1.099268536650574,-0.006398925990391673,0.3824347366096751,0.6093166093166094,2.4705730201966842,0.11009921754516555,0.0029461665992828335,0.15314503205128205,0.032,1.0,5.841607808249137,0.0,0.06630230949591943,0.6075891700891701,0.4586536983406833,0.6091709216709217,0.14893547174848681,-0.001581751581751556,0.1,20.0,0.0,-1.2551198160126111,0.39959754267494096
0.043,1.0001591566660812,1.0508984769262446,-0.00010313482270676855,0.27162335642773455,0.5067074687764342,1.0635421959324793,0.04007596448928663,0.09567901968901081,0.1317343442443683,0.02147753396029258,1.0,5.026837959119766,0.0,0.02439251646696583,0.5064039408866995,0.5436750639642423,0.5067074687764342,-0.03727112307754277,-0.000303527889734756,0.7,20.0,0.0,-0.24410549201453557,0.20774746296019575
0.03,1.0023026990476394,1.0321683937671753,-0.021506011256368973,0.5622589912084022,0.6399877689867369,3.1091745647416107,0.1035690197675122,0.0023803400467940767,0.21941580756013745,0.015,1.0,4.221360953939496,0.0,0.061504833890193525,0.6395727426773178,0.5966761458301035,0.6398848883283008,0.04289659684721425,-0.00031214565098303115,0.7,20.0,0.0,-0.1946633714117758,0.21506491312197104
0.105,1.0259749618014786,1.1420573203637658,-0.13759106414913735,0.45587758580554216,0.6449332012215,6.973336180658332,0.14057911230797793,1.4381761892306119e-06,0.12444799148709763,0.052441340782122904,1.0,6.586752264149127,0.0,0.04814306365269373,0.6634693679047341,0.46598601093436964,0.6449650534272653,0.19748335697036445,0.01850431447746881,0.1,20.0,0.0,0.44096172290315305,0.36890945123750435
0.053,1.0042710519532498,1.0666535731259776,-0.038993319141339855,0.3639829843086552,0.5764036900898818,2.3150162977885573,0.06248816086124115,0.0018725888523072084,0.14420414018449523,0.026472016895459347,1.0,5.455350130155588,0.0,0.018955489550869342,0.5864006346404791,0.4827514601337632,0.57676276011264,0.1036491745067159,0.009637874527839041,0.1,20.0,0.0,-0.12653398154625295,0.2331051168168267
0.089,1.0238952453274266,1.1477579219889933,-0.12279698969024633,0.2387590829679729,0.6190069876618636,2.0377850457886044,0.0751919491776325,0.028883958294837704,0.13914515472563796,0.044451152579582875,1.0,6.253069492126306,0.0,0.05754473688921287,0.6565625380596135,0.47312630496440633,0.6191145986195715,0.18343623309520718,0.03744793944004199,0.1,20.0,0.0,0.7689723626161742,0.35299764456050536
0.062,1.0008004916485194,1.0728549668535496,-0.006097009576551571,0.42257185784898305,0.6153503519318216,2.802282663146094,0.11587456965068821,0.0015472931053341606,0.16218446935827774,0.031,1.0,5.840009739263138,0.0,0.06095366656813031,0.6162939947284994,0.4512331925440128,0.6152971037955064,0.16506080218448665,0.0009968909329930442,0.1,20.0,0.0,-1.1702624956405427,0.4000093836762655
0.038,1.0033933274198872,1.0517883512350232,-0.030889212481466366,0.5075614715670848,0.6147663884229305,3.3765303804951503,0.09258119277929067,0.0023260193024307024,0.15807254623044095,0.019,1.0,4.8300237761055245,0.0,0.028684528393098735,0.6203588878238411,0.5483392633295041,0.614686509838379,0.07201962449433696,0.0056723779854620515,0.4,20.0,0.0,0.1263549728238993,0.20587400073869735
0.102,0.9999285600433335,1.1517096503159967,0.0011206705972354363,0.4488950101393174,0.6360188646250028,4.880129710413055,0.06785204542085521,1.794860864452551e-05,0.15127844010655486,0.051,1.0,6.634042422134061,0.0,0.03436900353984634,0.6359208254093165,0.4995119078850961,0.6359206068157475,0.1364089175242204,2.1859356902353966e-07,0.1,20.0,0.0,-0.05469179382542144,0.21276465824717622
0.104,1.0281324275585877,1.1745826115522178,-0.1440260725792779,0.3747603425725431,0.5912944576721847,4.352199735144417,0.11334809644327504,0.0003920156159222023,0.10941792582417582,0.052,1.0,6.537580816655442,0.0,0.04957970814325981,0.62874681061399,0.5256912640398806,0.5911977504521145,0.10305554657410931,0.037549060161875425,0.1,20.0,0.0,0.7143949475540761,0.36842171803209395
0.085,1.0003131264783205,1.1088188270795916,-6.864048012295704e-05,0.5786807750162432,0.6443807370319523,5.8054183458364355,0.15498093469267238,1.3693883365733943e-06,0.12634201221472194,0.042453551912568305,1.0,6.120603160076879,0.0,0.049044659406122695,0.6434130124633234,0.4760503038340982,0.6443067108132117,0.1673627086292252,-0.0008936983498882833,0.1,20.0,0.0,-1.2383263882633555,0.419095160164493
0.029,1.000018064039044,1.0431653507587952,-0.001240508308502003,0.6900246311195133,0.7096423985809759,3.5789453983835053,0.10855581218431332,0.0001192539396238501,0.22488369615398274,0.014485066941297631,1.0,4.695914919446792,0.0,0.048071056958544314,0.709184832694178,0.5298322465255054,0.7097567104236829,0.17935258616867256,-0.0005718777295049549,0.1,20.0,0.0,-0.12320026278629337,0.1794636051019319
0.048,1.0034714175514758,1.0729960019732392,-0.03460614482268343,0.4497995036328117,0.6234797531892943,3.2380209576924153,0.08378038066558574,0.00042320272773089737,0.21025910364145656,0.024,1.0,5.3070790168197695,0.0,0.05335567473015425,0.6265628203347684,0.49186418931432624,0.62341423956246,0.13469863102044216,0.003148580772308396,0.1,20.0,0.0,0.042645252681300594,0.2120623374499258
0.105,0.9990087304850002,1.1594915953751583,0.012942857966559411,0.5440514977294667,0.657532565673797,6.704107187043652,0.08095320285666807,1.0901008184351097e-07,0.12819898909284386,0.052441340782122904,1.0,6.5367296570841615,0.0,0.02752734163611323,0.6573108828725985,0.5086589611887806,0.6575646316527554,0.1486519216838179,-0.0002537487801568261,0.1,20.0,0.0,-0.055431439296745655,0.22946566874431926
0.109,0.9955168125423454,1.152477241092612,0.02921240476513587,0.36437960860849355,0.5883762550429216,3.2013756421894937,0.10047405269783627,0.0005773672278348956,0.12855620424427763,0.05443883277216611,1.0,6.5283307243360635,0.0,0.0473178865072964,0.5873575595797819,0.5688875328961379,0.5884672551339217,0.018470026683643948,-0.0011096955541398668,0.4,20.0,0.0,-1.2012243962718179,0.44259660150107394
0.037,1.0022029722951273,1.070148551314289,-0.021616997544067762,0.1573454137466249,0.5126274729078468,0.4098546000762381,0.022943176911050467,0.4867604434609273,0.14549830204035813,0.01848078920041537,1.0,5.020247279370302,0.0,0.029394801038262558,0.5174468141757861,0.5439990405507648,0.5124677157387438,-0.02655222637497867,0.004979098437042251,0.7,20.0,0.0,-0.1957234475425369,0.20669176367945144
0.054,1.0178312450936475,1.0803201585076414,-0.0763531753870732,0.34611794728030054,0.5567955186450264,2.4986839108655388,0.10365265208303065,0.01159781659989551,0.12509787800485475,0.027,1.0,5.593970587639414,0.0,0.03499364275090219,0.6157634377395277,0.6006073080076592,0.5569129104994084,0.015156129731868528,0.0588505272401193,0.7,20.0,0.0,0.42262074993345466,0.17015983634156717
0.054,0.9995525398303916,1.0652026830559929,0.007569031721135808,0.44612460046942054,0.6295738173375304,2.811655416044778,0.06644098998079129,0.0005181687883652567,0.1639162947302482,0.027,1.0,5.382721803244759,0.0,0.02300018917089003,0.6293377313419507,0.5485295878384788,0.6297499981395903,0.08080814350347187,-0.0004122667976396155,0.2,20.0,0.0,-0.04550726824193552,0.19096482688601366
0.072,1.0057807443139886,1.083065582176705,-0.053176692646281665,0.2830854893350193,0.6113673139158576,1.9420098719409498,0.04924467237274077,0.010444933588717285,0.13418941570881227,0.036,1.0,6.025704723781195,0.0,0.028447160315143175,0.6163051988725337,0.4337103637103637,0.6114121167832413,0.18259483516216996,0.0048930820892924,0.1,20.0,0.0,-0.04814262065906849,0.25139656218693013
0.032,0.9988793444638404,1.0366032429769598,0.00707131029089738,0.4193721599915898,0.6013749206776533,1.7415311934365678,0.12134740015175854,0.017703578590160744,0.1794292355371901,0.016,1.0,4.637931404551159,0.0,0.05058398256738149,0.5998943534143426,0.6050948737493757,0.6014875015951878,-0.005200520335033043,-0.0015931481808452164,1.0,20.0,0.0,-1.1946854719398892,0.353539853444365
0.093,1.0265933022156721,1.1681390892464765,-0.13097215391754724,0.2285404649312484,0.5465700703802489,1.6055289154412142,0.06571245183272184,0.030523416437012698,0.10830043508672096,0.04644873208379272,1.0,6.280738810885787,0.0,0.036913698743777076,0.5924397930072862,0.499703197403018,0.5464633731050952,0.09273659560426822,0.045976419902191035,0.4,20.0,0.0,0.7548392185565556,0.3755822365648723
0.023,1.000236649525444,1.0248644897237023,-0.0010722838947015145,0.2860826781729842,0.552535394053799,0.799747407008948,0.08497255225737943,0.16947660324574054,0.186162164567665,0.011488229273285569,1.0,4.323266003432469,0.0,0.059297917713924786,0.5474026944425717,0.6331307479472618,0.552297242634666,-0.08572805350469004,-0.004894548192094228,0.4,20.0,0.0,-1.2117252401418201,0.3290256279238269
0.06,1.0000745778150122,1.075916314964371,-0.0010708636947187565,0.326110704064315,0.629749089355121,2.224631919499334,0.05362628477220577,0.005979160430780612,0.14955673758865248,0.03,1.0,5.671087852170642,0.0,0.03576656051857874,0.62942790473671,0.5608904902550024,0.6296425930824905,0.06853741448170758,-0.00021468834578053375,0.2,20.0,0.0,-0.3121651489506765,0.22913551181364622
0.051,1.003636055805624,1.0805325598803843,-0.03482982981813976,0.2575504983184032,0.5261356349431919,1.2012336883372967,0.04193257819962032,0.05993752037846049,0.13750800636376784,0.02547312961011591,1.0,5.184428638767677,0.0,0.02233923121477914,0.5253816377008017,0.5265078759080808,0.5261356349431919,-0.0011262382072790844,-0.0007539972423902253,1.0,20.0,0.0,-0.04659358655896195,0.21351053833563216
0.046,0.9995863059694189,1.072917331877314,0.005388061245704331,0.3184991689752356,0.5864605171208944,1.5164784539599099,0.049490308775063996,0.042969480107797914,0.15045346823443623,0.023,1.0,5.223268579018833,0.0,0.02819829479626411,0.5861635220125786,0.5283927026607891,0.5863906359189378,0.057770819351789515,-0.00022711390635921092,0.2,20.0,0.0,-0.24996441713916884,0.19846454276388192
0.039,0.9999660339117428,1.0502659624894204,0.0009087731054645797,0.1827526258811362,0.6181688832973881,0.4139372991677282,0.02067047018122825,0.41573516799325616,0.16629312414952374,0.019479708636836627,1.0,5.153492406169411,0.0,0.028777089551970864,0.6181706306414251,0.5712196158230106,0.6181691329179647,0.04695101481841446,1.497723460364142e-06,0.7,20.0,0.0,0.012810660717408773,0.16937852909653392
0.034,1.0090651965866497,1.0288577243901609,-0.04502548022021946,0.06855702158539675,0.47662965054269407,0.20074741038585034,0.021855041148375998,0.45722511576302993,0.11979356960175375,0.017,1.0,4.4642325295732705,0.0,0.037496767416046836,0.5228527511136207,0.6033267646002034,0.47662965054269407,-0.08047401348658267,0.046223100570926656,0.1,20.0,0.0,0.6031096124499036,0.2979341217537815
0.059,1.0187429114728397,1.079217253329708,-0.08252184999261059,0.2882372988169168,0.6171389471113734,1.9071844288760464,0.08761606464272154,0.012648202082255165,0.14326176624218737,0.029468650371944738,1.0,5.566037143895834,0.0,0.04589116709102797,0.6511284838436623,0.455626190088849,0.617136323083201,0.19550229375481326,0.0339921607604613,0.1,20.0,0.0,0.39712198554419853,0.3601530368624055
0.102,1.0096282465387882,1.1571007673067328,-0.08603416868562053,0.4494475178367034,0.6496636937941286,5.185982268747146,0.07610254057972826,9.499016654765908e-06,0.12123891873007557,0.051,1.0,6.546182970867863,0.0,0.032336288191895254,0.6562095875139354,0.5078517249303083,0.6496965921262596,0.14835786258362715,0.006512995387675802,0.1,20.0,0.0,0.057867855837485216,0.2612468932745632
0.036,1.0009477617188485,1.0393000617323005,-0.00548379580389971,0.15088888523839936,0.6033285927129893,0.4918873097662445,0.0488251447630787,0.31248194226806403,0.1676751959428308,0.018,1.0,4.909061612076883,0.0,0.05902273146978032,0.605144755540936,0.49610551595472185,0.6035016629795175,0.1090392395862142,0.001643092561418591,0.2,20.0,0.0,-1.2045939358502775,0.36523686792021065
0.084,1.0252185242374185,1.1349187552818287,-0.11806109743754645,0.24463754422920067,0.5633585128040287,1.822428254976208,0.07412562919469029,0.04695932918939285,0.12701445206903722,0.042,1.0,6.166885677493674,0.0,0.045628257557103674,0.6024235559433245,0.4289416143199947,0.5634365768165189,0.1734819416233298,0.0389869791268056,0.1,20.0,0.0,0.4905908660097307,0.3645244069254818
0.097,0.9994902758758346,1.159000504799909,0.007128620006047921,0.31412658235715074,0.6131025789456022,2.4443196929435254,0.046358889600486175,0.003018038102694032,0.13283328195819205,0.048446290143964565,1.0,6.352578765686303,0.0,0.02846931238567242,0.6140694738078459,0.4451398133135858,0.6131696952917882,0.16892966049426011,0.0008997785160577143,0.1,20.0,0.0,-0.09341588410883439,0.21951075525739
0.09,1.0273449344461556,1.1248381940365613,-0.1263425143267689,0.178808831129358,0.5452040269816455,1.1619864474671193,0.05048022511486111,0.01717143485697509,0.10906593406593407,0.045,1.0,6.37177596126207,0.0,0.026576167290674038,0.5818029500318453,0.512938381675493,0.5452409385675411,0.06886456835635235,0.03656201146430427,0.2,20.0,0.0,0.5559033061818952,0.19160416885252954
0.023,1.0067623285720304,1.0229274582626133,-0.031136381727338236,0.2763013188629334,0.5083258050742713,0.980410162921405,0.0875016719418284,0.03889823165367145,0.1953740376485248,0.011488229273285569,1.0,4.181256615374261,0.0,0.045053522157223955,0.5528623115126182,0.6688850241620491,0.5080515292478481,-0.11602271264943087,0.04481078226477009,0.1,20.0,0.0,0.5839144248465749,0.2884169890709869
0.088,1.0051171343995415,1.1376914424801443,-0.04873905311811266,0.450773879158191,0.6145518249647106,4.936234666551893,0.07668277878624069,0.0003583276934852321,0.13190291068580542,0.044,1.0,6.325551437485133,0.0,0.02711211078575078,0.6163301572897761,0.4801305034136602,0.6144762048800162,0.13619965387611593,0.0018539524097599402,0.1,20.0,0.0,-0.5196694050931137,0.2941431670380683
0.115,1.034514363907656,1.1662896900733464,-0.1654725369808896,0.3098852185548649,0.6126443880235137,3.4390645750896,0.08995302773019997,0.00020187695964611998,0.1363301400147384,0.05743502824858757,1.0,6.76061793633632,0.0,0.042712124599423223,0.6456056481926241,0.5477789590166134,0.6127046211791974,0.09782668917601067,0.032901027013426676,0.1,20.0,0.0,0.6677998761051045,0.40696812184784986
0.043,1.0000801150200245,1.0648216392879795,0.0020633329964308,0.14019480836267578,0.482942727770314,0.44721046146755955,0.021562671908156528,0.25884176779584367,0.13650336565332555,0.02147753396029258,1.0,4.990380548094217,0.0,0.016054839026673498,0.48152958152958153,0.4496327902049275,0.48316664178733143,0.031896791324654006,-0.0016370602577499005,1.0,20.0,0.0,0.009458728370492775,0.19137701246306443
0.024,0.9998971884731502,1.0275131961536357,0.0015382887279310545,0.1550979150157858,0.45100086518798177,0.36618097585791537,0.025078991053564814,0.6921282376218583,0.16145833333333334,0.012,1.0,4.409550352606721,0.0,0.020899912427217657,0.45074366839704266,0.5821986115020171,0.45100086518798177,-0.13145494310497446,-0.0002571967909391071,0.2,20.0,0.0,-0.10407887699317131,0.1593145531174303
0.035,1.0027010930031832,1.0363686917197052,-0.02546327522858305,0.558223506166499,0.5929392217486488,3.538796419500212,0.10203474744376273,0.002317899340287072,0.14130273871206514,0.017481865284974092,1.0,4.838145229077267,0.0,0.02931974540217179,0.601468160641261,0.5140257596953905,0.5927585778256237,0.08744240094587041,0.008709582815637273,0.1,20.0,0.0,-0.03616425364048714,0.2099853055775761
0.055,0.99986103970319,1.073156918105222,0.0016999636172775057,0.29019667524347165,0.5787988489742876,1.3792609289221085,0.08243711300132406,0.041049898269199636,0.13549783549783548,0.027470899470899472,1.0,5.614887448222026,0.0,0.05220036964442874,0.5791732417463412,0.46027127472374824,0.5787400600266097,0.11890196702259298,0.0004331817197315013,0.1,20.0,0.0,-1.2089697447066792,0.40089003602004863
0.022,1.0059399652085927,1.0114045156050142,-0.029412857062334652,0.03499431713356556,0.5406989482909728,0.09042392371068841,0.013524037201511352,0.9818362217196233,0.14621676891615543,0.011,1.0,4.107461464242834,0.0,0.03951131463958496,0.5679959100204499,0.5008957339393819,0.5411554192229039,0.067100176081068,0.026840490797546024,0.4,20.0,0.0,0.8848705212943813,0.26790916081593846
0.064,0.9982666644421234,1.081329923305317,0.008627098567895126,0.34114744924146007,0.5855117105117105,1.9719021964316639,0.09326363574178503,0.010468723920172342,0.12049278846153846,0.032,1.0,5.857074125148301,0.0,0.049041782286152885,0.5867604617604617,0.39728970080116516,0.5854099604099604,0.18947076095929655,0.0013505013505012986,0.1,20.0,0.0,-1.1560960289330948,0.3899197704679209
0.016,1.0000923021320007,1.0086014781906525,-0.0019129158114871148,0.6076351953536638,0.6492547425474254,2.032984938684528,0.09947607865437741,0.01924484277393672,0.25597052845528456,0.008,1.0,3.527189163917776,0.0,0.05308698681058409,0.6536585365853659,0.40522351191960654,0.6494241192411924,0.24843502466575934,0.004234417344173513,0.1,20.0,0.0,-0.2844563833464018,0.1742543979043901
0.094,1.0076319313243622,1.1207009611255718,-0.06878643444578136,0.35492095435274573,0.583314418215481,3.257919035050917,0.05946268542379263,0.00039720372840232283,0.09490512423089568,0.047,1.0,6.44231875226879,0.0,0.02238176814989551,0.5915458324432101,0.4999735279567123,0.5832810385957417,0.09157230448649784,0.008264793847468477,0.2,20.0,0.0,-0.1981034689386285,0.287660715466168
0.029,1.0086327081471016,1.043856113162078,-0.0390462985344564,0.365201074677139,0.6276156885395122,1.9158002047303428,0.12458818021613971,0.04246685057376856,0.2154639724422032,0.014485066941297631,1.0,4.411365198814984,0.0,0.08629732344243249,0.6637799564270153,0.546967750271628,0.6277306374141599,0.11681220615538723,0.03604931901285535,0.2,20.0,0.0,0.30226096257493484,0.30721481876027523
0.117,1.0024658221445402,1.15949929133605,-0.016436577170433148,0.35466924725871457,0.5872983352402238,3.509407231414922,0.1040480037081119,0.0003306228315064878,0.10277463193657983,0.05843374858437146,1.0,6.60927581354446,0.0,0.045237986643583764,0.590084957639437,0.5131755390047238,0.5872402908722522,0.07690941863471323,0.002844666767184867,0.4,20.0,0.0,-1.1842996680712436,0.46681402094205293
0.044,1.000052028853432,1.0405544418048982,-0.0006071412915495834,0.2726767992790222,0.5957939840828584,1.1696573101036043,0.08154101944454073,0.07789445523664934,0.17554203119056674,0.022,1.0,5.105821521217331,0.0,0.07169805263812074,0.5942707115771527,0.5802237974207626,0.5955004079272134,0.014046914156390145,-0.0012296963500606495,0.7,20.0,0.0,-1.1834059078146622,0.35327769870515296
0.047,1.0038658760421388,1.086522550405209,-0.032908039834716796,0.38825006485945196,0.6177600346760664,2.5530441102882393,0.07136869109197735,0.0036376868075116845,0.1796622089259003,0.023475341028331584,1.0,5.300800421225192,0.0,0.04467129768639752,0.6228912878863031,0.46175786727543855,0.6176943143816395,0.16113342061086455,0.005196973504663638,0.1,20.0,0.0,-0.3465142128915142,0.24857054792012923
0.091,1.0002048469106355,1.1395182895501927,-0.003554777254086001,0.5021150522758744,0.6307900682541373,5.108954001890539,0.07101540572268233,1.4134316352715898e-05,0.13532562047413532,0.04544994499449945,1.0,6.347762031647088,0.0,0.030198378317546057,0.6306090824136177,0.49291226150427664,0.6307179105007276,0.13769682090934104,-0.00010882808710988012,0.1,20.0,0.0,-0.11252284119592737,0.21795187145477035
0.035,1.00057337003072,1.048139819511721,-0.0033608410183467094,0.05069543532712356,0.5833983690546064,0.22107682874884974,0.026023451014591692,0.585257118610051,0.15729089563286452,0.017481865284974092,1.0,4.914132073404575,0.0,0.0500369993175588,0.5853048782752155,0.5129026508582849,0.5835787442349815,0.07240222741693059,0.0017261340402340286,0.2,20.0,0.0,-1.1798793007481174,0.3556685201652451
0.034,1.0088730572396345,1.0558947659783444,-0.04504103980434815,0.38100736884580994,0.45733734864169645,2.1873697680798294,0.12375694028981771,0.011948652095783316,0.18087017415661918,0.017,1.0,4.977467793057241,0.0,0.04218859808185686,0.5163749294184078,0.3955625088989341,0.4577059414015936,0.12081242051947372,0.058668988016814194,0.2,20.0,0.0,0.8546296956851487,0.30225536242988216
0.113,1.0069557017159485,1.1630707885083371,-0.07356527176353433,0.3029036218472023,0.5797171915749681,2.7842335947093524,0.052356464079529264,0.007866094068056521,0.10907553551296505,0.05643630214205186,1.0,6.651476766487251,0.0,0.023365238195098323,0.5854875935800304,0.5338638190574944,0.5797467260157426,0.05162377452253608,0.0057408675642878215,0.2,20.0,0.0,-0.03474045594289832,0.2737710888641223
0.093,1.0003580398401302,1.109701393407294,-0.008431429492791118,0.5234326626065133,0.5965866507607821,5.915759108259233,0.07907204738417256,1.1014997913491147e-06,0.13298893907600384,0.04644873208379272,1.0,6.302296177918205,0.0,0.025535809302856982,0.5957337776076262,0.5258674945380727,0.596622255688504,0.06986628306955356,-0.0008884780808777748,0.7,20.0,0.0,0.049703630858187964,0.2038279518734596
0.058,0.9995464929672102,1.0727402765510157,0.002806013795255807,0.5527364062981809,0.6589479271426976,4.059633998569853,0.14906840649937053,9.260708008684284e-05,0.17080313346511458,0.029,1.0,5.678436343231919,0.0,0.061940147002471094,0.6581657168398704,0.5083527715876718,0.6590010056989607,0.14981294525219857,-0.000835288859090344,0.1,20.0,0.0,-1.2544842114170915,0.42967435248347957
0.046,1.0128914570525223,1.0481927343166924,-0.06322305917102855,0.08480581243098462,0.5401030747728861,0.22236276202021574,0.02000940284157221,0.36132640410708694,0.14832285115303984,0.023,1.0,4.995220375686367,0.0,0.05097099750283809,0.5820143256464011,0.4727819400630915,0.5400375611460516,0.10923238558330961,0.041976764500349484,0.4,20.0,0.0,0.9901690980645572,0.3248070561221439
0.077,1.0000186835171025,1.1360793624949161,-0.0017993150818970752,0.3506520240364059,0.563674045823883,2.523112563143283,0.051503174101855065,0.0019166186133270544,0.12096706110790617,0.03845828819068256,1.0,6.116894768012255,0.0,0.022379191770034654,0.5638437404072584,0.5239814153014183,0.5637574314935878,0.03986232510584009,8.630891367056304e-05,0.4,20.0,0.0,0.1898224804499491,0.18545100538123185
0.044,1.0030798555026534,1.0580687481331519,-0.02865378407186936,0.5671177006233471,0.6499202765956182,4.709097556766532,0.1024522577265129,0.0003981813350806861,0.14368581209585393,0.022,1.0,4.949613474208403,0.0,0.040832859032448626,0.6534171219272065,0.4581542664833698,0.6497710005842733,0.19526285544383665,0.003646121342933184,0.1,20.0,0.0,-0.22099599990495022,0.23061665706723536
0.032,1.0022409453672485,1.0302843652732703,-0.021391472515776333,0.5600147752626976,0.6051192268045141,3.4924000652074163,0.10326613095560988,0.000634857860174021,0.23043646694214875,0.016,1.0,4.775154136967796,0.0,0.0512980298530409,0.611760277233423,0.3748133205350985,0.6051101364198685,0.23694695669832444,0.006650140813554417,0.1,20.0,0.0,-0.10015167401879399,0.21325592260578366
0.096,0.9997067947867512,1.1230674159587355,0.004024855458513832,0.2574315778073236,0.5853733049511195,1.6332516853665113,0.07177374157020222,0.024244657556312763,0.11631176253687317,0.048,1.0,6.457688583817262,0.0,0.049398494934139406,0.5844397217149604,0.544188465067216,0.5854771255491261,0.04025125664774443,-0.0010374038341657288,0.1,20.0,0.0,-1.1566315897636998,0.4189807350820611
0.088,1.0006024202471069,1.116243917025841,-0.010428218554844187,0.3477359228327303,0.5438898971566849,2.742106615960914,0.05198699971855214,0.0008948300308455095,0.09905801435406698,0.044,1.0,6.2923618566764,0.0,0.014895733527396801,0.5456026920750151,0.5272486267080861,0.5438520871143376,0.018354065366928962,0.001750604960677471,0.7,20.0,0.0,-0.10967326218325901,0.22034339352638663
0.054,1.0167906006053484,1.0807529362333206,-0.07532576073304531,0.28575588796357304,0.5945207212436467,1.798306986129265,0.0887069465191801,0.0077727183360598116,0.11055320648343904,0.027,1.0,5.393271401859904,0.0,0.03713145543076406,0.6192799842237254,0.5962362755169359,0.5945796962322981,0.023043708706789512,0.024700287991427317,0.7,20.0,0.0,0.511770707455653,0.3476361030440503
0.063,0.9999223104956325,1.0974213087429743,0.0018782271059117756,0.5642973133328893,0.651683395293619,4.70531884673783,0.08287984487248196,1.636182970041178e-05,0.1515517270586641,0.03146638207043757,1.0,5.712687461601292,0.0,0.029779713162964447,0.650716769326993,0.4252947576030643,0.651683395293619,0.22542201172392867,-0.0009666259666260002,0.1,20.0,0.0,-0.23951192875866711,0.19992767539078907
0.032,1.0024530023529077,1.0420547781984537,-0.022953617691679917,0.4818025462665497,0.6288954774753671,2.533889478749915,0.08562796888729513,0.004770117922721058,0.20389979338842976,0.016,1.0,4.72587391940435,0.0,0.036969158345007164,0.6425555285563362,0.32918144722042425,0.629270747200482,0.313374081335912,0.013284781355854203,0.1,20.0,0.0,-0.038881162277729864,0.20858238360626857
0.085,1.0015225351117742,1.0894132716975993,-0.00934987842266773,0.22731762139115239,0.5050795445368651,1.3427049356338445,0.06497933387074573,0.045381904278455384,0.09127290260366441,0.042453551912568305,1.0,6.235434069188736,0.0,0.02252575120672133,0.5091456028426068,0.5619844606053052,0.5051158846806105,-0.052838857762698366,0.004029718161996265,0.4,20.0,0.0,-1.179231920236624,0.4282579799289643
0.067,1.0194357414765995,1.0992538219343435,-0.09261491293629409,0.45221970301531417,0.6569059813852208,4.89544990739687,0.14524463715266156,8.950672068076476e-06,0.1789485050631089,0.033464094319399784,1.0,5.939986549632459,0.0,0.06395628881409952,0.6826400450753868,0.5106628117036326,0.6570034187816937,0.1719772333717542,0.02563662629369312,0.1,20.0,0.0,0.5275022035679529,0.34371652746832426
0.078,0.9997402058977506,1.108115634846326,0.0016196193225520832,0.23494140515092213,0.5460029926642305,1.2790676863662853,0.0668041391641509,0.0503834394918978,0.1084251070693587,0.039,1.0,6.06774100449241,0.0,0.0383859852675308,0.5465857432469811,0.5552153240593055,0.5459610964496958,-0.008629580812324456,0.0006246467972852443,1.0,20.0,0.0,-1.1985770235200206,0.42398026516968684
0.063,0.9991409117902543,1.0806017624725897,0.010826058353650678,0.30286832450301143,0.5814989057800559,1.7155122480181593,0.045442655801015086,0.015141755197008427,0.14573698565160678,0.03146638207043757,1.0,5.6011030399434905,0.0,0.023350456241163373,0.5840907701930066,0.4312056034938431,0.5814481932692795,0.15288516669916347,0.002642576923727047,0.1,20.0,0.0,-0.11689486354429723,0.19876224251985206
0.09,1.0009498036024538,1.167249364054429,-0.011751854325709944,0.26175021698022566,0.5545621996410167,1.8155102448282847,0.038752251418213646,0.027370337213758287,0.09548229548229548,0.045,1.0,6.284332345125193,0.0,0.015102914790399227,0.5527002151969583,0.4436543933379109,0.5545621996410167,0.10904582185904743,-0.0018619844440583844,0.2,20.0,0.0,0.22212913538555812,0.19579294153446747
0.06,1.0045049967648618,1.0720099137812655,-0.04391043396589922,0.5410238343502839,0.6329124356443703,5.205976193685754,0.09362936870339761,4.973288368030105e-05,0.15629432624113476,0.03,1.0,5.598480892402818,0.0,0.02949718962546019,0.6345051314923723,0.5154394943241863,0.633072180053316,0.11906563716818597,0.001432951439056307,0.1,20.0,0.0,0.025399835350678135,0.2424477562418057
0.039,1.0116600937207572,1.052155993604423,-0.05299807770081255,0.22547744721758342,0.4291267273743909,0.9522022845161938,0.06703715307364949,0.11812939270749709,0.13213399503722084,0.019479708636836627,1.0,4.928414991393378,0.0,0.03986204139083521,0.5047515276779295,0.5584165639656294,0.42880646417445484,-0.05366503628769992,0.07594506350347469,0.1,20.0,0.0,0.498063112583758,0.33094952857202947
0.066,0.999465734911582,1.0691782305751438,0.005922192663119788,0.2580015664877953,0.46271005254124226,1.339853219641864,0.07061173891005085,0.044967490689274324,0.12228278502368439,0.033,1.0,5.812852982733565,0.0,0.035396552637000395,0.46188152237187613,0.5748582382672737,0.46280733378804123,-0.11297671589539754,-0.000925811416165101,0.2,20.0,0.0,-1.16283617059255,0.4028261527822967
0.091,1.0068733703401211,1.1262201252664823,-0.06805500566955813,0.264333289078392,0.579236310727847,1.9315514461603103,0.04595120606708225,0.010303707419919044,0.1119029485366119,0.04544994499449945,1.0,6.373648531270726,0.0,0.0226801523731804,0.5861906620769605,0.45211290590271735,0.5791629700604468,0.1340777561742431,0.007027692016513654,0.1,20.0,0.0,0.10128025362673876,0.2553234946979706
0.046,0.999517499558818,1.0598576577453374,0.005254935211222604,0.20339218309554985,0.5831367924528302,0.8891454621361028,0.03382850058016457,0.1332663367837376,0.12623051681706318,0.023,1.0,5.288851721537464,0.0,0.024870008227277876,0.5828572676450035,0.5129246395306842,0.5830712788259959,0.06993262811431922,-0.00021401118099240168,0.1,20.0,0.0,0.08650787665817194,0.17325660841047685
0.079,0.9980589161872516,1.0955638348344068,0.012962677078837574,0.35155966035002256,0.5994212286286119,2.535146733647049,0.10113507369071928,0.0030733475975188223,0.12752374276721778,0.039457111834962,1.0,6.04774034015921,0.0,0.045216297166123326,0.5970888202158561,0.5522032144077168,0.5993794680005321,0.04488560580813927,-0.0022906477846760254,1.0,20.0,0.0,-1.1732290662930798,0.4182765224329536
0.082,1.0054201813346129,1.1269775647384572,-0.054901123730660584,0.2872111736965661,0.5457357840255443,2.1489334597894816,0.04906349409058963,0.0023354824214938197,0.12524576226154419,0.041,1.0,6.054353482456132,0.0,0.026772980556703505,0.5546247305506564,0.49360111588471883,0.5457372249311246,0.06102361466593759,0.008887505619531777,0.4,20.0,0.0,-0.20128083442887768,0.25541118187494816
0.009,1.0027435051770262,1.0094939566507792,-0.012371743010120229,0.43079000702928705,0.5249992370838292,0.6239356451410376,-0.10435098498293363,0.3813975512860469,0.20742235676645362,0.004495459132189707,1.0,2.745944240857895,0.0,0.05276575369399445,0.581861922345306,0.4398252413358154,0.5246615195255678,0.14203668100949057,0.05720040281973815,0.1,20.0,0.0,0.693812630095255,0.24678890160302192
0.068,1.0049631191219166,1.0849469671023837,-0.04710744481709406,0.26971190495984226,0.6001236074685968,1.7184380195075466,0.04697427544764876,0.03607282516850575,0.13050681646048978,0.034,1.0,5.869549769466285,0.0,0.031054503980792403,0.6062687503783727,0.3879607107867977,0.6001257256728681,0.21830803959157496,0.006143024705504541,0.1,20.0,0.0,-0.3164982087209225,0.2790435951913893
0.081,0.9999598896118652,1.100262694197724,0.0006022119651334827,0.1456961480372147,0.5843875036107122,0.7410534835855275,0.023455143294913328,0.21481632392391525,0.12732908824675238,0.04045593035908596,1.0,6.1573968430915205,0.0,0.02489750476484591,0.5805172406089284,0.4995899413543035,0.5844279803850603,0.08092729925462488,-0.003910739776131877,0.1,20.0,0.0,0.03612075444966445,0.1911728462312459
0.102,1.0099630993673723,1.1514062556409443,-0.08865467215763667,0.41969543901242023,0.6549195575666164,4.983639458402706,0.07533290798468234,1.6569422660485753e-05,0.14817240927551423,0.051,1.0,6.507460201203873,0.0,0.03582667539849843,0.664003213325464,0.5054325111465229,0.6550833934465649,0.1585707021789411,0.008919819878899116,0.1,20.0,0.0,-0.05935591867061385,0.2612468932745632
0.078,1.0007350340748773,1.0598244927918055,-0.0036404369034815044,0.4716122858712477,0.5837265340522669,3.886604186198557,0.1295962552721237,0.00016226259605939508,0.1161076811836031,0.039,1.0,6.082943866952553,0.0,0.04557645094048331,0.5831820188497713,0.43443368261666776,0.5838934409781316,0.14874833623310352,-0.000711422128360284,0.1,20.0,0.0,-1.2776482933625009,0.42931333239518815
0.011,1.0030362880447314,1.0159721207415915,-0.014577595338572058,0.4129072376931451,0.7574017786783744,1.0610547831325392,0.13428102218119026,0.03699177833813713,0.2914560161779575,0.005494438827098079,1.0,3.1711222094118985,0.0,0.08325426730609921,0.775872964702752,0.521531419021295,0.7567283780049737,0.25434154568145706,0.0191445866977783,0.2,20.0,0.0,0.6131286568360159,0.2476249799615469
0.075,1.0007149090794352,1.1424048993802083,-0.012055805867476801,0.353631024697059,0.5775170568374451,2.5349603119772715,0.05425096351238878,0.004187178300071544,0.11243243243243244,0.03745945945945946,1.0,6.151669619143187,0.0,0.023873876793631774,0.5789872371425769,0.551096718974681,0.5775600666862802,0.027890518167895895,0.0014271704562967003,0.4,20.0,0.0,0.0643386746756045,0.18713643586978868
0.085,1.0229137533695662,1.1202445595034225,-0.1143102139412484,0.21071888441499775,0.5135144956795608,1.4874525619384058,0.0641481339922716,0.013767395473451,0.09193185470909676,0.042453551912568305,1.0,6.157528998751745,0.0,0.03579760543144238,0.5581536515114808,0.5341590440308311,0.5135494898920563,0.023994607480649632,0.04460416161942449,0.4,20.0,0.0,0.5652515995080201,0.3651792287996453
0.021,1.001305767948137,1.0350042154531554,-0.013224596824572554,0.556832913839028,0.6501521904797641,2.6081737989064577,0.10486523838117373,0.015363137493800551,0.28151904275499784,0.010489274770173647,1.0,4.096629971408257,0.0,0.0654319678299489,0.6559892113165035,0.4843505694208521,0.6507360265732529,0.17163864189565137,0.0052531847432505385,0.2,20.0,0.0,0.0214473301734337,0.18692483229141896
0.029,0.9993907075249799,1.0313843853915394,0.003872852506696098,0.11964844903077747,0.573786914231435,0.3050158078316192,0.03720348555532099,0.4953413341482231,0.14513121914840726,0.014485066941297631,1.0,4.480011232766653,0.0,0.050162473193089696,0.5736275146835862,0.5294865556701306,0.5737872327474055,0.044140959013455605,-0.00015971806381931408,0.4,20.0,0.0,-1.2124003175988909,0.35647918372053566
0.013,0.9998673719903639,1.0121548480512321,0.0007124500753556382,0.16934413172941504,0.386322188449848,0.2892539145653292,0.05157867353954382,0.5235056302093537,0.22897669706180346,0.006493414387031408,1.0,3.3014188725375573,0.0,0.05855086514447991,0.38302938196555214,0.3987762381768609,0.386322188449848,-0.01574685621130878,-0.0032928064842958626,1.0,20.0,0.0,-1.135278194162809,0.27708814913454194
0.014,1.000054664002261,1.0089694683976045,-0.0001453327626973061,0.5482705164721816,0.5363549311784911,1.4535524765852068,0.16013794554293548,0.03572485283025788,0.23938713416401042,0.007,1.0,3.435464174878936,0.0,0.0757064924662137,0.5372192156572021,0.3496491245612854,0.5369646872760522,0.1875700910959167,0.00025452838114992105,0.1,20.0,0.0,-1.179765792633845,0.30269028614739274
0.086,1.0004097599335573,1.0987866845203922,-0.00431127789349969,0.3327458360340574,0.5529815919108115,2.4756712922915827,0.04996136884767882,0.0116358129791872,0.1228563431886418,0.043,1.0,6.241884147935403,0.0,0.02284636618263229,0.5519209980859441,0.4761542245948393,0.5529439058358161,0.07576677349110478,-0.0010229077498720152,0.2,20.0,0.0,-0.13834690970117824,0.22365151414175255
0.084,1.0082164178612238,1.0943770059780176,-0.07146668588224725,0.3718644293056583,0.6065186001540872,3.3575665554767196,0.06125532899106806,0.0007606193847101797,0.1067009773341651,0.042,1.0,6.265575196564073,0.0,0.02438596684382527,0.6249197675427184,0.5292841939853595,0.6063627272402586,0.09563557355735886,0.01855704030245975,0.2,20.0,0.0,-0.061712823654421545,0.27523289359134057
0.063,0.9999195188796028,1.0904259736103985,0.0008425958241096511,0.14338023816876583,0.5779012432367064,0.6159028970664928,0.0222040317548714,0.16929769462163702,0.14129016957191984,0.03146638207043757,1.0,5.7152058502497205,0.0,0.026885286077518167,0.5780535433091344,0.5175275254294158,0.5778505307259301,0.06052601787971856,0.00020301258320432058,0.4,20.0,0.0,-0.029037935753478017,0.19818142460927357
0.008,1.0023434538851415,1.0127852782014204,-0.010671976677457007,0.15159185314022502,0.24197463049426796,0.19054768496529126,0.04336348453717165,0.41866487738965186,0.3286290322580645,0.004,1.0,2.9685034703969633,0.0,0.04677318195680729,0.331663055530125,0.3846679400528945,0.24231133083096826,-0.053004884522769524,0.08935172469915673,0.7,20.0,0.0,0.40879805388267165,0.2401072018096166
0.089,1.02929348913126,1.1262571818314993,-0.13080166110770453,0.2844079986123156,0.6067949429546705,2.257887870281339,0.08228429795770748,0.004023521755928945,0.10934705657445207,0.044451152579582875,1.0,6.279468535725533,0.0,0.054069071676553324,0.6509060392578883,0.48762228962226933,0.6066082927863264,0.16328374963561892,0.044297746471561816,0.1,20.0,0.0,0.8795783648903597,0.18205026775630495
0.065,0.99913173161796,1.0698596041268045,0.005757995945703191,0.33580406365193555,0.6126778054028857,1.9671984380446985,0.0957099518046291,0.010973602192924228,0.14356232003290828,0.03246524064171123,1.0,5.589286193485304,0.0,0.047798661862327355,0.6122419619204186,0.5059584865436529,0.6127285243040869,0.10628347537676563,-0.0004865623836682875,0.2,20.0,0.0,-1.1733674065893571,0.4005994860013678
0.065,1.0004598844450512,1.0677166019938584,-0.004157104376936907,0.3872090989215886,0.5969216712785844,2.518003861975392,0.108528981428406,0.0029234184099514917,0.16690662278897572,0.03246524064171123,1.0,5.859687171588454,0.0,0.06245025660641018,0.5967685776769378,0.5203000019437223,0.5968242338821117,0.07646857573321553,-5.5656205173892914e-05,0.1,20.0,0.0,-1.1725309697821327,0.3920931197355778
0.055,1.0154308684346178,1.09588117696018,-0.07423044779471999,0.12583294138378542,0.49831368544818827,0.4539801574049064,0.03479112763653913,0.48572996864100215,0.13008658008658008,0.027470899470899472,1.0,5.53201706962053,0.0,0.03369339013819152,0.5505028002104025,0.5585642449777756,0.49836938024072525,-0.008061444767373027,0.0521334199696773,0.4,20.0,0.0,0.5599152241155179,0.33374213844736816
0.091,1.0059727870880768,1.114539655769673,-0.05941830508151946,0.41127378310920665,0.6220163951879059,3.9686329969798533,0.06520324984806991,0.00035683608588020325,0.12925083717162925,0.04544994499449945,1.0,6.292059417761257,0.0,0.029242121943137717,0.6280433419686055,0.4454733330968435,0.6221252232750157,0.18257000887176195,0.005918118693589713,0.1,20.0,0.0,-0.11898679340498575,0.2650681823589165
0.058,1.018168301346423,1.097810226907128,-0.08210471400145081,0.5206215231702961,0.6996703542295228,5.874767207346731,0.16775385074286386,7.280431237768739e-08,0.18528991873490008,0.029,1.0,5.45832638051423,0.0,0.05914749969074426,0.7208542853950162,0.5336781035529249,0.6996703542295228,0.18717618184209128,0.02118393116549333,0.1,20.0,0.0,0.7297452842149323,0.17083142922906927
0.072,1.0001399283963657,1.0724211993509458,-0.0024529242146020605,0.6303907706029939,0.6903915973599656,6.280648950205364,0.09344032470493702,2.4286670150354765e-08,0.1657088122605364,0.036,1.0,5.938073043214171,0.0,0.02996766445559805,0.6894923501641322,0.4243761539012529,0.6904362552342508,0.26511619626287936,-0.0009439050701185447,0.1,20.0,0.0,-0.27615691817591514,0.23612546712294336
0.09,1.005932515619291,1.1252301480162863,-0.061922410181731724,0.7076318114264671,0.6739595999073593,12.436566359096128,0.1276961817788368,4.185338014684299e-12,0.16214896214896213,0.045,1.0,6.349733910497217,0.0,0.03824698151560514,0.6768157846486403,0.5281729623383564,0.6741428309497617,0.14864282231028392,0.002672953698878655,0.1,20.0,0.0,0.028469233887808976,0.2542212806204943
0.019,1.000090188047074,1.0213083707484092,-0.0002204208474820661,0.3432317381703515,0.5038104946361827,0.8960907102604798,0.0997735876951652,0.12817161423889506,0.19248618488116317,0.009490316004077471,1.0,4.058545717691519,0.0,0.04842231905653502,0.50126207465657,0.4483888074967521,0.5036405999708752,0.05287326715981794,-0.0023785253143051577,0.7,20.0,0.0,-1.1948494157803673,0.30516720930579494
0.047,1.014398688931032,1.077966411080316,-0.06441175676553867,0.5091197076640548,0.6844941852006162,5.095891414629951,0.17886201651828015,4.1534272935626593e-07,0.1866055680828738,0.023475341028331584,1.0,5.096365834339072,0.0,0.07327626762212107,0.7084125972439912,0.467178804472115,0.6844943918682089,0.24123379277187618,0.023918205375782264,0.1,20.0,0.0,0.34475812351689594,0.3467240458294187
0.068,1.0000098003828262,1.0863578734577832,-0.0003604498398115828,0.6813275229038437,0.6995843263269969,7.060266588124908,0.09856087136140329,8.504223108829157e-09,0.15002524614996213,0.034,1.0,5.806122150098787,0.0,0.030423204183295513,0.6985825660309185,0.49265283262763554,0.6994908246907183,0.20592973340328297,-0.000908258659799821,0.1,20.0,0.0,-0.0891777270959686,0.18989388570020305
0.054,1.0038825026537175,1.0684336520198536,-0.03799538807091363,0.6925563027047131,0.6734115821668564,7.537363506177179,0.12033868247861684,1.4853098700877696e-07,0.18338422989585781,0.027,1.0,5.501546607446416,0.0,0.046609915318157585,0.6775772256081679,0.46915408650593937,0.6734117682078301,0.20842313910222854,0.004165457400337802,0.1,20.0,0.0,-0.14283343895674694,0.2273181005951128
0.056,1.0131962638685403,1.0461412273942683,-0.07034763986998271,0.4124187566230894,0.6401282359787966,3.5760415215815695,0.12971437161626764,8.165087336061653e-05,0.17384231234866826,0.028,1.0,5.324420428437838,0.0,0.062258453155147955,0.6734174628203755,0.5191898435975327,0.640295497728358,0.15422761922284278,0.03312196509201748,0.1,20.0,0.0,0.5070493190973924,0.32056303281110093
0.025,0.9998438214718124,1.019022039291911,0.0017180800963740722,0.9587510863783621,0.6883333333333334,4.647282418477227,0.24028994335479814,2.3787266845747428e-05,0.22641025641025642,0.012487179487179487,1.0,4.180029761970719,0.0,0.09816882149303377,0.6882336182336183,0.6595981668612888,0.6884615384615386,0.02863545137232948,-0.00022792022792028632,1.0,20.0,0.0,-1.1822764629748628,0.3226735189396632
0.035,1.0003032384946342,1.039626504125354,-0.004490796547293438,0.7645876820150903,0.718794873914744,5.272991656931323,0.11415723517690046,3.48699875750739e-06,0.22483345669874166,0.017481865284974092,1.0,4.694228434889068,0.0,0.04539649927860079,0.7180341611975095,0.5818246336996338,0.7184419659531404,0.13620952749787574,-0.0004078047556308473,0.4,20.0,0.0,-0.0263580407190247,0.1588885870547591
0.057,1.004552528730487,1.078749751724826,-0.04013535935279189,0.4491903888454415,0.6133566400076625,3.67324324412577,0.0825964860848517,3.0139610954629272e-05,0.15327156704061318,0.028469777306468717,1.0,5.621009163526541,0.0,0.026927900367599997,0.6169219935897777,0.4808835340614898,0.6133568173796132,0.13603845952828791,0.0035651762101645,0.1,20.0,0.0,-0.23149144630988028,0.24665432766731113
0.018,0.9999264880101217,1.0188217407642433,0.0010021773749881897,0.5091547925058788,0.6126018332048764,1.6409748126842056,0.08189834184413658,0.006969261595465568,0.24157049106132608,0.009,1.0,3.4725436339648956,0.0,0.023468281409495736,0.6127717278701839,0.37380623839003785,0.6126013152333358,0.238965489480146,0.00017041263684802743,0.1,20.0,0.0,0.02011882898925288,0.14558730910618137
0.105,1.0306741204528118,1.1463151426813323,-0.14623495243740492,0.5528853537143676,0.6850713628361719,10.346668163292613,0.1701712813152365,3.800621517018686e-12,0.14687416866187816,0.052441340782122904,1.0,6.669134984856268,0.0,0.0540746588934187,0.7044428482712696,0.5308689819462106,0.6851032150419369,0.173573866325059,0.01933963322933263,0.1,20.0,0.0,0.3818608727739714,0.39363975457171074
0.103,1.0041796827268938,1.1274261839777888,-0.026785894055015955,0.5811293286075898,0.6456601369644849,7.041674909305626,0.1597299805267705,1.2298703720298784e-07,0.1375377471831672,0.05144258639910814,1.0,6.588954675233847,0.0,0.050922430767032095,0.6437255838790366,0.5298846867669608,0.6458540606878204,0.11384089711207579,-0.002128476808783808,0.1,20.0,0.0,-1.1974797944595925,0.4432173175820834
0.08,1.0215754881057935,1.140902214320662,-0.11001199730680988,0.45037531989878826,0.6572599916826496,5.589976149191764,0.14287037052128798,1.7451204705958628e-08,0.1610054347826087,0.04,1.0,6.214676483413211,0.0,0.04791738485635581,0.6661157822157872,0.5260209998171972,0.6572599916826496,0.14009478239858997,0.008855790533137564,0.1,20.0,0.0,0.8012846164374747,0.3534640924283701
0.028,1.0022919517492288,1.0456909061259834,-0.020544829925034258,0.5066722641105426,0.6429583904892547,2.61625085203339,0.09286908213400125,0.0007520742101645031,0.22979129923574368,0.014,1.0,4.5087431917113605,0.0,0.04411050712318081,0.6487082761774119,0.5043265555515467,0.6431984453589391,0.14438172062586518,0.005509830818472783,0.1,20.0,0.0,-0.15213447638984112,0.20677819321735302
0.016,1.0012313478162855,1.0083650334175998,-0.010644591921404989,0.45768080493747704,0.6949864498644986,1.6089710560081902,0.09083822632146338,0.008614959943068809,0.31834349593495936,0.008,1.0,3.6430941167949817,0.0,0.059928469989072315,0.7011517615176152,0.4733705068755511,0.6949525745257453,0.22778125464206406,0.006199186991869832,0.1,20.0,0.0,-0.3522778616957569,0.19079129211502618
0.087,1.001036346085389,1.0865271073994878,-0.005843597284632751,0.8082254703277268,0.708373374788016,9.611355994031374,0.20284709751099173,3.2791116615495613e-10,0.16349095441326436,0.04345235487404162,1.0,6.217348376218183,0.0,0.08105855608915334,0.7078063481201591,0.50119413374499,0.7083355647456685,0.20661221437516908,-0.0005292166255094211,0.1,20.0,0.0,-1.1830529999156163,0.4205692483310622
0.106,0.9983064070963722,1.1414412697888108,0.012221036034272312,0.561024131093034,0.6342850040836618,6.698233870878017,0.1534393293225192,3.2010098689797e-07,0.13455004009961588,0.053,1.0,6.707243471430006,0.0,0.05107323885047793,0.6348220943858528,0.4771037015275788,0.6343169631760236,0.157718392858274,0.0005051312098292016,0.1,20.0,0.0,-1.1741947414810294,0.4328131794235971
0.063,1.0011735645691682,1.0873751781449583,-0.01692620285817925,0.5104371112313524,0.6290311569864285,4.27026358503308,0.07897479006738495,6.0878651260006734e-05,0.15555809659331538,0.03146638207043757,1.0,5.639354769086993,0.0,0.03131494217151576,0.6301990075951737,0.5438114443415617,0.6289802819355536,0.08638756325361197,0.0012187256596201124,0.1,20.0,0.0,-0.13743369328441268,0.2058322425309681
0.066,1.0004690004695398,1.0834445628226153,-0.004177198481084103,0.7047396514188826,0.6805455619764301,6.666636429974128,0.19012675722636502,2.519190690989974e-07,0.17513464408539356,0.033,1.0,5.681669241102871,0.0,0.0773526807289088,0.6820054052771095,0.43753444379623013,0.6806429993729028,0.24447096148087938,0.001362405904206665,0.1,20.0,0.0,-1.2103937577627288,0.4129592145118549
0.045,1.0137816696622144,1.0494217067362004,-0.06259916191345649,0.3965468806461955,0.6118673177228805,2.9026044875031,0.1308101595512728,0.00013300661373683302,0.16957533449680048,0.022476439790575915,1.0,5.103518701870938,0.0,0.056998079336659166,0.6472556841457298,0.4924371081976098,0.6117974365209238,0.15481857594811999,0.03545824762480598,0.1,20.0,0.0,0.6496332755910297,0.3312359659552156
0.029,1.0018490379818648,1.0246296107877069,-0.018015923370152898,0.32369801543781573,0.5738382306933314,1.3783799971760298,0.06163427446851072,0.009178333387676903,0.20781100181114387,0.014485066941297631,1.0,4.435181207119892,0.0,0.041027151718030896,0.5749181413956096,0.3984497404436054,0.5737128061823242,0.17646840095200417,0.0012053352132853634,0.1,20.0,0.0,-0.19062114593003265,0.2186070439786604
0.026,1.0001244442529351,1.015590501583084,-0.00114332204186203,0.26884698970312426,0.5313365692378037,0.7977993753712511,0.07965622615104673,0.15448171282837966,0.19647370083715054,0.013,1.0,4.157300418430433,0.0,0.05066876821248517,0.5307094368822763,0.682018547296325,0.5310801589813935,-0.1513091104140487,-0.00037072209911714893,0.1,20.0,0.0,-1.2227768516486999,0.3510226942233013
0.06,1.0155011879779032,1.0605583895933322,-0.08111056178928777,0.41715133398985327,0.6703216255265461,3.878054899304005,0.1353170273087001,2.4126395995867204e-06,0.1868794326241135,0.03,1.0,5.697962847458837,0.0,0.06063029161804532,0.6832251412601833,0.40129700433905624,0.670321455946494,0.28192813692112706,0.01290368531368935,0.1,20.0,0.0,0.9967985596906779,0.32053353547775365
0.095,1.0018026976798877,1.1141042649672088,-0.008648982012882733,0.7761317568392174,0.7077242051761758,10.740870062938551,0.2072622763232304,4.110322460314316e-11,0.1527042744984007,0.047447513812154694,1.0,6.559931377531882,0.0,0.06428550469780647,0.7062033217623233,0.5289925827925194,0.7076173903930099,0.17721073896980388,-0.0014140686306866046,0.1,20.0,0.0,-1.197898819367842,0.43810563395685337
0.046,0.9998750504502857,1.0613417467732338,0.0010810591873470759,0.4752830646719539,0.6545772187281621,2.8057763867701295,0.07039213452615656,0.0004225040295779004,0.20998541609698299,0.023,1.0,5.317116057222712,0.0,0.04249852900260037,0.6543719426974144,0.49502854443332406,0.6543763102725367,0.15934339826409033,-4.367575122343759e-06,0.1,20.0,0.0,-0.31968661176784074,0.20650056879558154
0.046,1.003495518946352,1.0652536416303333,-0.03408753506366147,0.5933412792232604,0.6221479734451433,5.14154766712036,0.10540896626142648,1.7762058036554014e-05,0.19255309452192143,0.023,1.0,5.2361810647727,0.0,0.040389013166365326,0.6262491264849755,0.5412458066429148,0.622143605870021,0.08500331984206078,0.004105520614954505,0.1,20.0,0.0,-0.010921811702918394,0.22153702283066895
0.029,1.0000377734056003,1.030113668048297,-0.002070355766708845,0.7190229017603992,0.646991581268996,3.9242162877035804,0.10798023985785865,7.833387404912202e-05,0.1905607443446145,0.014485066941297631,1.0,4.350667846870923,0.0,0.043008028184226235,0.645239106399906,0.633714864686416,0.6473002232443046,0.01152424171348998,-0.0020611168443985806,1.0,20.0,0.0,0.03745147260761161,0.169583434656953
0.044,1.012410530444531,1.0703198396048397,-0.05935811277369951,0.5978449862584779,0.7146704207862308,6.168832489375847,0.20596044124407709,1.882446318944783e-07,0.200076074553062,0.022,1.0,5.295853105860706,0.0,0.08409226693109753,0.7305399942355049,0.4926676766117077,0.7147400829248585,0.23787231762379718,0.015799911310646397,0.1,20.0,0.0,0.6471549068080598,0.32049852065950984
0.032,0.9993200668665291,1.0198528321774223,0.0037011438668220573,0.7428621190591335,0.6332009983107035,3.9943549401482756,0.19447050433699753,8.917445533509962e-05,0.22385072314049587,0.016,1.0,4.6842414965691805,0.0,0.08513899352906198,0.6369108658649646,0.4733244521824769,0.6332951071004644,0.16358641368248772,0.0036157587645001543,0.1,20.0,0.0,-1.2485726734989973,0.36023241870074857
0.085,1.0065140960858063,1.110324602257623,-0.06361806547218696,0.5151199718274446,0.6646423860669198,6.288472134042407,0.09111147473902803,6.625602525222582e-08,0.16523625843780135,0.042453551912568305,1.0,6.187010440639806,0.0,0.029862481089744278,0.6695846456163018,0.5180248270469084,0.6646437319981695,0.15155981856939338,0.004940913618132314,0.2,20.0,0.0,0.04490713844318561,0.2581564858240879
0.079,0.9992710568718232,1.097346290935693,0.0031166117812327365,0.5412209342927037,0.6676302544923609,5.4551792612022005,0.08011792444885724,1.1525869214383909e-06,0.14019227861845268,0.039457111834962,1.0,6.096014573739737,0.0,0.029916045567583385,0.6685134144417532,0.5282844852681475,0.6676271611125032,0.14022892917360563,0.0008862533292499641,0.1,20.0,0.0,0.0751766272231551,0.21483798442738075
0.066,0.9996968268703124,1.0998304073730445,0.0007923711795910018,0.7299401271976076,0.6789244160626797,7.106565172859418,0.1999279447922338,8.527480247497522e-08,0.15225326065797157,0.033,1.0,5.9396388628573416,0.0,0.0537575272409892,0.6789725101622208,0.42429732329232966,0.6789244160626797,0.25467518686989116,4.8094099541096114e-05,0.1,20.0,0.0,-1.184987259705094,0.4103899762383946
0.065,1.0197429156294338,1.0940293510330579,-0.0911257395262115,0.4128426537119598,0.6260919992833176,4.1040731489340105,0.13132466482020605,2.359109317495877e-06,0.15220074043603454,0.03246524064171123,1.0,5.883436010672964,0.0,0.0477900958424811,0.656571932295405,0.4878443421376721,0.6261405618318802,0.16872759015773292,0.030431370463524843,0.1,20.0,0.0,0.5705017242314621,0.3511255854923919
0.047,0.9998705814756076,1.0487732128797738,0.002888987354462774,0.6434502793259954,0.6255227036750458,4.981791642200052,0.09850833565148231,3.0076668904359523e-05,0.16307405505570316,0.023475341028331584,1.0,5.1781831678058445,0.0,0.032704635014588104,0.625374619456073,0.5188096283565936,0.625456983380619,0.10656499109947937,-8.236392454596952e-05,0.1,20.0,0.0,-0.10982899363129839,0.19800960517111968
0.012,1.0008444973256359,1.0134501863610639,-0.008072991073812208,0.6076981746908104,0.5716196923643732,1.883962977897271,0.10753886557904246,0.030429795132022135,0.22941970310391363,0.006,1.0,3.255867126415541,0.0,0.042353599519977886,0.5792154063430659,0.4212443584784011,0.5708613490528385,0.15797104786466482,0.008354057290227423,0.1,20.0,0.0,-0.061452738805083396,0.17849552563990087
0.038,0.9996546572144899,1.029232779503278,0.0022171545436755237,0.7046082393322082,0.6803215778683068,4.346485700173702,0.1967566106048756,4.539083369730352e-05,0.18385490753911804,0.019,1.0,4.925318760374604,0.0,0.07069905677782297,0.6803950495247225,0.4225210678580793,0.6800683793966504,0.2578739816666432,0.00032667012807208184,0.1,20.0,0.0,-1.152216973127199,0.3414717373126954
0.057,1.0151358033949018,1.0610128026972208,-0.0769805747811032,0.5000443431460095,0.6443523884020028,5.305529361111311,0.1665055680121177,1.184674236686155e-05,0.14801585086789082,0.028469777306468717,1.0,5.606318528538589,0.0,0.07077823749475608,0.6659474234063573,0.47355089848426685,0.6444082605664905,0.19239652492209042,0.021539162839866788,0.1,20.0,0.0,0.8107520346277854,0.3215038576164476
0.096,1.0071514559651904,1.137720758905961,-0.06625491832899522,0.6013871362899257,0.6792980581652035,9.251126601078587,0.10512716847702264,1.77265894138128e-10,0.14336744100294985,0.048,1.0,6.287057425300657,0.0,0.02944508461018515,0.6838567679112305,0.5148179338406728,0.6792980581652035,0.16903883407055775,0.004558709746027012,0.1,20.0,0.0,-0.32483536833845106,0.2771079676692033
0.007,1.000072937894228,1.0147035174179073,-0.0009378551278349384,1.089318382465611,0.7549513259483048,2.829398687684988,0.18186495020974447,0.0020145497202390355,0.31466695439505105,0.0034964753272910373,1.0,2.725179367544769,0.0,0.05892450680451171,0.7526015441423297,0.6943670943670943,0.7546156428331655,0.0582344497752354,-0.002014098690835797,1.0,20.0,0.0,0.05941066840621989,0.12523938977802468
0.047,1.0029615506065264,1.0514690002050886,-0.030115343987148657,0.4029606733334616,0.6222591192764099,2.6494673760624106,0.07186282807227617,0.0015447831305060453,0.13603737357951373,0.023475341028331584,1.0,5.349782430618941,0.0,0.0328467820267295,0.6243100195755543,0.5320066696008632,0.6222591192764099,0.09230334997469114,0.0020509002991444536,0.2,20.0,0.0,-0.036261959627448714,0.23640900400839
0.048,1.0145545891218861,1.0593980714986957,-0.06638280085749093,0.5219804200931324,0.6596978354463028,5.0780019035566655,0.17493584804292955,1.1168173732857005e-06,0.1922706582633053,0.024,1.0,5.2619558984503385,0.0,0.05821380514858107,0.6790609355263245,0.5008868883626815,0.6595010878982072,0.17817404716364305,0.019559847628117355,0.1,20.0,0.0,0.5687219659139942,0.33684496466130887
0.102,1.000836085868078,1.1465352061767842,-0.011214764506864719,0.8033608922161553,0.7120205696548408,12.18955304071334,0.10961095551229127,8.149399504938093e-14,0.17269858945805494,0.051,1.0,6.608938416054083,0.0,0.03824135443262737,0.7129377882702691,0.5148395497405934,0.7119551008809321,0.19809823852967567,0.0009826873893370447,0.1,20.0,0.0,-0.11336141237697728,0.22946315060346323
0.074,1.0046189995704067,1.0918903266751945,-0.045926328942757055,0.6597167838668282,0.7157514581786426,9.234382366093508,0.11361166630099545,7.140852495393999e-10,0.18292131224096667,0.037,1.0,5.8803780850937315,0.0,0.04579786032574147,0.7203085407939778,0.5085583280674445,0.7158378981679953,0.21175021272653327,0.004470642625982513,0.1,20.0,0.0,-0.3093618191916727,0.2701861905499412
0.011,0.999913799419119,1.0058417034959068,0.0004022444081901288,0.10395010942445004,0.30630085044978655,0.14672855900616158,-0.032663893420387724,0.6992730471608286,0.18071513925912305,0.005494438827098079,1.0,3.2252438272691974,0.0,0.020386180364733275,0.30681050627859136,0.44263199369582346,0.3066375507864869,-0.1358214874172321,0.00017295549210444294,0.4,20.0,0.0,-1.1782679581495423,0.2829814713340998
0.025,1.0018636194568389,1.0263222797153795,-0.01746775800182221,0.23997072425981605,0.38752136752136757,0.7544579841042112,0.044226174934139106,0.13035710969081227,0.1717948717948718,0.012487179487179487,1.0,4.3940102807621315,0.0,0.021199059407632795,0.3987606837606838,0.5440340754164517,0.3876495726495726,-0.14527339165576786,0.011111111111111183,0.1,20.0,0.0,-0.0910464961274764,0.2073753027858882
0.11,0.9999125705026384,1.1596990281498152,0.009855091306082087,0.7362303696011467,0.7028137428537828,11.271576545662183,0.10096142206656195,1.889060175999118e-13,0.15860572012257404,0.055,1.0,6.680790768468897,0.0,0.031943334552991184,0.7023644355976688,0.5428177651835496,0.7028440762174496,0.15954667041411918,-0.00047964061978078565,0.1,20.0,0.0,0.0813352666080629,0.22912834450035346
0.049,1.0131237778854505,1.067622349009811,-0.06617220361304965,0.5005401967932165,0.667571287189955,4.7863120812018725,0.16754025235595832,3.827232870709051e-06,0.1786894568552973,0.02447423764458465,1.0,5.410246070534669,0.0,0.06478186804277579,0.6897112946124823,0.4374710355136469,0.667571287189955,0.25224025909883535,0.022140007422527308,0.1,20.0,0.0,0.8456296517426245,0.3152890182539622
0.063,1.0007574441292142,1.0640174618396263,-0.004272308407439967,0.8091203391577647,0.7109962277693906,8.074164169719808,0.21903762717401581,1.1141856083601735e-08,0.17295997018515696,0.03146638207043757,1.0,5.756967318148506,0.0,0.07570662735088954,0.7105398151724032,0.5111848116853936,0.7109453527185158,0.19935500348700952,-0.00040553754611261095,0.1,20.0,0.0,-1.1939952832868475,0.4035420127511111
0.061,1.017874815996495,1.0625479045909338,-0.08531925495660642,0.4456525838093297,0.5672904305492165,4.214712218399015,0.13434984941389772,9.596319902032145e-05,0.14707833586480212,0.03046751863684771,1.0,5.726856967935319,0.0,0.05239621002898982,0.6080151123282113,0.528605978106199,0.5671864699021248,0.07940913422201223,0.040828642426086414,0.1,20.0,0.0,0.8804805072006108,0.17410754111382726
0.013,1.0009754402150652,1.0162687129704175,-0.008768076736914932,0.37253982111078066,0.676595744680851,0.9026788661382056,0.06842092671800026,0.04188340463385753,0.27139350011690433,0.006493414387031408,1.0,3.5976234776833684,0.0,0.05088694704597492,0.6820668693009119,0.3435558052710436,0.6763931104356636,0.33851106402986825,0.005673758865248235,0.1,20.0,0.0,-0.1328583701949282,0.17452003687992115
0.029,0.999812299983396,1.0487796919816028,0.0017377017955412279,0.637247413277181,0.7021272619942497,3.250031690933644,0.09843179033964611,0.0002622869211855309,0.21781668383110195,0.014485066941297631,1.0,4.414160488890782,0.0,0.045147958246492564,0.7030903481167212,0.5936716368158086,0.7022415738369565,0.10941871130091263,0.000848774279764708,0.2,20.0,0.0,-0.23472358210262634,0.17645287387954192
0.115,1.0003649301490005,1.199618028906099,-0.00813165867471434,0.8034884720532992,0.7117058182178612,13.651793915148392,0.11345798729238771,4.179286430637045e-15,0.1542250061409973,0.05743502824858757,1.0,6.765619002302701,0.0,0.036039592296582545,0.7112643625578506,0.48680521020260387,0.711586876796511,0.22445915235524677,-0.0003225142386603652,0.1,20.0,0.0,0.1263633611491355,0.18932744209744698
0.068,1.0044327962286272,1.0704596583292156,-0.046470794623586054,0.6040187002050725,0.6833181710905021,7.149326862292355,0.10526999263034692,6.952373628274566e-09,0.18377619288058572,0.034,1.0,5.906359495485392,0.0,0.04219684363346683,0.6865236974444481,0.4999553019040106,0.6832246694542236,0.18656839554043747,0.0032990279902245234,0.1,20.0,0.0,-0.1243582356379811,0.26078562724746174
0.08,0.9998438734399457,1.1159054554909038,0.0009441374402217599,0.8556133910385664,0.70127920153113,10.392673536642931,0.2223818750532892,5.349315538133962e-11,0.16059782608695652,0.04,1.0,6.131141164725584,0.0,0.06544183623439355,0.7012231264393947,0.513343003076696,0.7014002375998786,0.18788012336269866,-0.0001771111604839115,0.1,20.0,0.0,-1.1767178265786713,0.4216907290039445
0.031,1.0085975694164384,1.0266617795391242,-0.04185690961881794,0.47376518280327395,0.6719767332770429,2.7352268750298245,0.14502535265888528,0.00014885273005286648,0.2174756150337894,0.015484004127966976,1.0,4.593787481326402,0.0,0.07350711574869212,0.6930950370578852,0.5650811520780561,0.6719767332770429,0.12801388497982913,0.02111830378084234,0.1,20.0,0.0,0.9140143414384161,0.294081511747852
0.029,1.0080633672155388,1.0390408752229892,-0.03860784385463223,0.3886050121503855,0.6150309809867199,2.106863872100644,0.1266268482166239,0.0036968834850822758,0.19744131538762028,0.014485066941297631,1.0,4.270143685527236,0.0,0.06580744095744535,0.6450341236776278,0.49031170938062346,0.6144819656257566,0.15472241429700434,0.03055215805187117,0.1,20.0,0.0,0.6753038640576721,0.2949472180665997
0.021,1.0013167747215133,1.020422810769928,-0.012813932146851448,0.4415165947343585,0.6054826988861998,1.7459756425419195,0.08503807036560562,0.005936051143035612,0.2507660878447395,0.010489274770173647,1.0,4.353763811471331,0.0,0.05298908191621257,0.6083996458567291,0.47448861837750717,0.6056287695844177,0.13391102747922196,0.002770876272311429,0.1,20.0,0.0,-0.13425150157325882,0.1932111102698091
0.077,1.0019138400519774,1.1050220511732607,-0.01348517334383817,0.7613330183528739,0.6879893613444102,8.145800316246254,0.19825345573226427,7.209201436673045e-09,0.1838197014253352,0.03845828819068256,1.0,5.968398484794426,0.0,0.07823642361269886,0.6876029453716749,0.4637898793427028,0.6878642150466255,0.22381306602897205,-0.00026126967495065934,0.1,20.0,0.0,-1.173830772661184,0.3955299703938591
0.019,1.0003416725834897,1.0131281222067483,-0.0017952167318317437,0.29187633182411016,0.5064317266152129,0.7107148342400832,0.08585355430599206,0.19525333169149262,0.21214925693438488,0.009490316004077471,1.0,3.8991148376529448,0.0,0.05221403474834446,0.5069656812776079,0.45512962532599993,0.5065773506140478,0.05183605595160795,0.00038833066356003254,0.4,20.0,0.0,-1.2559549522227922,0.32971329007753675
0.063,1.0168716152911226,1.0884852221206942,-0.08262413639336752,0.2716839586135367,0.5355702751868886,1.8013854612545128,0.08438245186099719,5.766485486544015e-05,0.16021243075672104,0.03146638207043757,1.0,5.625546678334265,0.0,0.034372604020712016,0.5674154563930922,0.4793483299827665,0.5355702751868886,0.08806712641032571,0.03184518120620361,0.2,20.0,0.0,0.45503008723037297,0.3393198726233763
0.109,1.008685180892699,1.185250657910419,-0.07740617873666439,0.6503408340413002,0.6755560274078793,11.77043065884138,0.11284826361045464,5.786281930471648e-10,0.14015537639390852,0.05443883277216611,1.0,6.60937262718635,0.0,0.034137483482737804,0.6806840510544214,0.462000729386942,0.6755560274078792,0.21868332166747945,0.00512802364654219,0.1,20.0,0.0,-0.36259773571295506,0.29319292967251226
0.031,1.0000100686315005,1.039323147032866,-0.0001784106951704112,0.8296161997619411,0.7373862463645745,5.336983477772164,0.1221059536579353,6.237639110898901e-07,0.2627500915476547,0.015484004127966976,1.0,4.6195462015282835,0.0,0.04775076477740037,0.7359696031522658,0.3976426840490381,0.7373956281077024,0.3383269191032277,-0.0014260249554366444,0.1,20.0,0.0,-0.1414670234913502,0.1729187306793698
0.056,0.9983563091994289,1.0557186070219338,0.01046965119369242,0.6255503789135303,0.6737445958215504,4.844857868602786,0.1671575383504708,1.1693517046608971e-05,0.17357748184019373,0.028,1.0,5.663321871798096,0.0,0.058892239561167264,0.6739211400365347,0.5440497153489586,0.6736889010290135,0.12987142468757606,0.00023223900752122884,0.2,20.0,0.0,-1.1566013078924453,0.37121074474335086
0.109,1.0301538317635095,1.2002647150953627,-0.15245637797563782,0.562652158070267,0.711640091269721,11.06470024208469,0.18519908430981513,5.321270890737196e-15,0.1765308539008845,0.05443883277216611,1.0,6.672275237139301,0.0,0.062166776667018434,0.7262489762489762,0.5128299150746257,0.711640091269721,0.2134190611743505,0.014608884979255166,0.1,20.0,0.0,0.7912957322601515,0.38412244255506917
0.064,1.000305078007973,1.0605056286701608,-0.006547753139926768,0.718101047181377,0.6969928219928221,7.292833802716436,0.10514448588938885,7.447224242071795e-08,0.15574919871794868,0.032,1.0,5.862889581842744,0.0,0.03563201737189434,0.6950017575017574,0.5033286936211557,0.6967500092500091,0.19167306388060168,-0.0017482517482516613,0.1,20.0,0.0,-0.05316725349820617,0.19630558333142886
0.036,1.0023717507876195,1.0441414943971985,-0.023301861124929935,0.5111804900758651,0.6947938098892995,3.339356943300644,0.10005893276691596,4.948683296528252e-05,0.18035384970032275,0.018,1.0,4.736306496945653,0.0,0.036484835032520514,0.6984223731480945,0.4285543803607197,0.6948803450225637,0.26986799278737483,0.0035420281255308383,0.1,20.0,0.0,-0.0779306064555505,0.22928509735893088
0.056,1.0174231582260078,1.0583632550199293,-0.07877958936909502,0.49905236094435673,0.6628740996156349,5.596276439865661,0.16544372756163944,1.3207603464526394e-07,0.175090799031477,0.028,1.0,5.491431347612341,0.0,0.05877212974626942,0.7022142128932459,0.5557220684963406,0.6628184048230982,0.14649214439690528,0.03939580807014775,0.1,20.0,0.0,0.615383974780078,0.3406405770849857
0.06,0.9990020523190397,1.0656038949734288,0.006477197527312274,0.6563258847034178,0.6661112919964999,5.555992010451306,0.17604801946668702,2.9245482864356766e-06,0.1678191489361702,0.03,1.0,5.529311164509763,0.0,0.06018115004991803,0.6662713755655495,0.5311317990686192,0.6661112919964999,0.1351395764969303,0.0001600835690496183,0.1,20.0,0.0,-1.2895405173816274,0.44497725629121704
0.027,0.9997346332383453,1.0256248891589343,0.004554612897356314,0.5049893841339644,0.6332144490169181,2.1338082495448045,0.07759937503254033,0.002742330464537828,0.18101709108903355,0.01348612538540596,1.0,4.374927212095656,0.0,0.03003634029942652,0.6300112553198972,0.5241176687522556,0.6332144490169181,0.10589358656764158,-0.003203193697020934,0.2,20.0,0.0,-0.17176861396284693,0.16103215660348544
0.016,1.0010910327431912,1.0198735961648668,-0.010384692410950858,0.5088839773259517,0.609349593495935,1.72834822602015,0.09255836646359689,0.019791210234963365,0.2735010162601626,0.008,1.0,3.71355297361028,0.0,0.039045169916305564,0.6107723577235773,0.508194035199696,0.6087059620596206,0.10257832252388133,0.0020663956639567216,0.2,20.0,0.0,-0.17693770322178048,0.1836036904947495
0.071,0.9999838165159451,1.0595072976713666,0.00047457301766772736,0.8265669474099347,0.7248431552918951,9.338135696390458,0.11344233323871733,2.397821599108118e-10,0.1714246729028639,0.03546178686759957,1.0,5.7749554034399395,0.0,0.04129905933791604,0.7233997868223212,0.556686024786908,0.7248881031523768,0.16671376203541322,-0.001488316330055639,0.1,20.0,0.0,-0.09680811976664705,0.2186709244981476
0.02,1.0053474119517358,1.0180172187564511,-0.02626060458276469,0.3320195587823991,0.5337255056115865,1.2198809154356187,0.1119930268620637,0.12083857063076114,0.21836734693877552,0.01,1.0,4.28549619238208,0.0,0.06726737526383121,0.5701833224487584,0.46052912195001977,0.5337255056115865,0.10965420049873859,0.036457816837171864,0.2,20.0,0.0,0.5448278932703952,0.2696838082138673
0.049,1.000553412727758,1.0556846689189845,-0.004358162483082302,0.6516707679542942,0.6282744170223293,4.434986401314433,0.17344795214009745,4.320982079722095e-05,0.16992853923903947,0.02447423764458465,1.0,5.359762833111316,0.0,0.060352718177889134,0.6280192676439661,0.45244500934333587,0.6282782829220016,0.17557425830063023,-0.0002590152780355126,0.1,20.0,0.0,-1.1978550295590993,0.383577060611141
0.037,1.0100476292358176,1.0533132593398564,-0.048841375717610935,0.3398705886371355,0.5839856751071705,1.945207293268125,0.11060723686218726,0.0005049978343929676,0.19158176868457244,0.01848078920041537,1.0,4.8536542876329865,0.0,0.05907363393537764,0.6112043027930879,0.5663772644197173,0.5840722102404347,0.04482703837337065,0.027132092552653253,0.4,20.0,0.0,0.533101896363938,0.3120498644957627
0.041,1.0107885103983636,1.0574702840085848,-0.05390718205769507,0.5184309117724439,0.6615927355690286,4.304958932914762,0.16925994616214596,1.0670525741544678e-05,0.16930745949795262,0.020478623566214806,1.0,5.062045905010904,0.0,0.06357930273501117,0.6837316778049537,0.48012903439607674,0.6614269889593166,0.20360264340887696,0.022304688845637077,0.1,20.0,0.0,0.6801709566973768,0.3231784167083529
0.081,1.0084181702962562,1.1045052350518902,-0.06939766800808256,0.6349763752317561,0.7174760575937188,8.91409925052179,0.11224469068121634,1.2878609983205544e-11,0.19635204664221712,0.04045593035908596,1.0,6.069123019090242,0.0,0.041701744468852414,0.7264285213019538,0.46568354237228055,0.7174355808193708,0.26074497892967324,0.008992940482583034,0.1,20.0,0.0,-0.03284397437753528,0.2777223946715971
0.011,1.0001131368728886,1.010538129340626,-0.0007270062905648939,0.7807602903587553,0.6064909479803097,2.452255363468329,0.1259725447869527,0.0016313051667604815,0.3248000735361706,0.005494438827098079,1.0,3.203512503627154,0.0,0.056451130706590275,0.603879217709005,0.5464357083720063,0.6069133585091032,0.05744350933699871,-0.0030341408000982284,0.7,20.0,0.0,-0.039364588411903156,0.14794699806771008
0.011,1.0000313942464103,1.0083289375723112,-0.0003518215756097079,0.7258836362427166,0.6184317849211466,1.8249121651968454,0.21140439368817898,0.013196532552662035,0.28789410791433034,0.005494438827098079,1.0,3.4228879453747676,0.0,0.09626715607755557,0.6157366471196258,0.5812641377178241,0.6176719065016937,0.03447250940180169,-0.0019352593820678443,0.7,20.0,0.0,-1.210934615682666,0.2720416672579474
0.016,1.0000040856952999,1.0200260593978234,-0.0004542189790047099,0.7905843466345945,0.7212398373983739,2.8080380059441237,0.12270143547146728,0.0005793442736873306,0.2820121951219512,0.008,1.0,3.6655774344563326,0.0,0.05872789476135287,0.7240853658536585,0.6600500403723585,0.721239837398374,0.06403532548129998,0.0028455284552844073,0.7,20.0,0.0,-0.05432853476322741,0.15074611176420763
0.088,1.0265310870162938,1.1160522415393321,-0.12417106457768812,0.586032812874152,0.7370475398265778,9.645401689013894,0.1826030765076871,9.556202635800276e-12,0.18757476076555024,0.044,1.0,6.26419997278977,0.0,0.08067900991838889,0.7619441923774954,0.48471975923077254,0.7371987799959668,0.2772244331467229,0.02474541238152861,0.1,20.0,0.0,0.6517390783594181,0.38943307830043133
0.011,1.000819563713404,1.0132711472942704,-0.007065184877260378,0.8025642244209319,0.7015246180139797,2.9878327219894887,0.15843268380697795,0.0006482380653867419,0.32144498575236696,0.005494438827098079,1.0,3.2649642338742026,0.0,0.0570702519771769,0.7024536141557417,0.45963821927192794,0.7015246180139797,0.24281539488381376,0.0009289961417620063,0.1,20.0,0.0,-0.3569150179690732,0.17359771679357094
0.073,1.0000377832968639,1.078343047402748,0.0019301171870977837,0.5704106049306701,0.6493779216109313,5.058227571012533,0.07896655659305979,3.3460317099693966e-06,0.1481875544915843,0.03646062567421791,1.0,6.0245552029718645,0.0,0.03106593129412903,0.6481481481481483,0.521724463339166,0.6495577130528587,0.12642368480898225,-0.0014095649047104475,0.1,20.0,0.0,-0.11821368446731428,0.20584403112081576
0.027,1.0018475492941012,1.0200501314921622,-0.017383857218111642,0.4359614546364679,0.6066881221202208,1.966982672136921,0.07932972796026921,0.0022682709170568555,0.2214799588900308,0.01348612538540596,1.0,4.297976707780897,0.0,0.03446275417510697,0.6154834511624635,0.5455722026446183,0.6065738102775139,0.06991124851784525,0.00890964088494961,0.1,20.0,0.0,-0.1419011479359482,0.2032532875616836
0.073,0.999799174073191,1.0740887767503549,0.0008901228738800726,0.6258703272176361,0.6717170082704063,6.128710634939903,0.1721171545438882,7.811143895786159e-07,0.15684340411697772,0.03646062567421791,1.0,6.0881445889597465,0.0,0.05284451185252442,0.6714742898238044,0.5667461030578168,0.6717170082704063,0.10472818676598761,-0.00024271844660184172,0.4,20.0,0.0,-1.257111326177311,0.42490799659623313
0.07,1.018732602620337,1.0856258577062206,-0.0905641619951858,0.5117625168016028,0.6758804737416239,6.348504857935549,0.17205198194409832,5.435380099532176e-07,0.1695468509984639,0.035,1.0,5.960443276183529,0.0,0.06053597933197567,0.6981202275206483,0.45594639118091723,0.6758824216923797,0.24217383633973105,0.02223780582826862,0.1,20.0,0.0,0.13371447968792438,0.36593702782999804
0.073,1.020299579823274,1.1274265784197504,-0.09981942134395005,0.4038502652595567,0.646945343401654,4.1579424109043055,0.12759904018478085,1.1218187528221074e-06,0.17479422500036945,0.03646062567421791,1.0,5.896746917312724,0.0,0.05723451320606686,0.6702373247033441,0.4587557998097414,0.6469902912621359,0.21148152489360267,0.023247033441208154,0.1,20.0,0.0,0.6224005225029314,0.35253085513736787
0.012,1.000019044512029,1.0159655064129338,7.896740521241494e-05,0.7080975089780925,0.6468798931564889,1.6670818502661897,0.18544249507202315,0.020324059559570888,0.27800269905533065,0.006,1.0,3.098015965664612,0.0,0.10937669320595113,0.6471347210708913,0.25812229581317253,0.6471331859629732,0.3890124252577188,1.5351079181158411e-06,0.1,20.0,0.0,-1.2169815006264593,0.2905754829490878
0.043,1.0001945543506598,1.0625083925906451,-0.004212016097458499,0.31956004893536305,0.5981987361297706,1.3426293777668834,0.04589723822176983,0.016361206619549238,0.16193409637675876,0.02147753396029258,1.0,5.173830210320612,0.0,0.03773201502640432,0.597387669801463,0.43599217171332044,0.5983181569388466,0.16139549808814252,-0.0009304871373836399,0.1,20.0,0.0,0.0048917411982225545,0.17147516690275846
0.109,1.007303659589605,1.1367214641717645,-0.0770324557042884,0.8615072743584863,0.7482625723366464,19.70079383397807,0.14602942698199517,3.8067192064214513e-20,0.17281119039528828,0.05443883277216611,1.0,6.6687470598622625,0.0,0.04626949595773894,0.7480300165485351,0.5352296900232609,0.7481690444653407,0.21280032652527414,-0.0001390279168056452,0.1,20.0,0.0,-0.0632743165630103,0.26480599189703086
0.083,0.9997902599468466,1.118038779627503,0.0011126232366110954,0.6371352247488399,0.6778728303032743,6.858940993870567,0.08876729698130048,3.137619500581106e-08,0.14985678811209946,0.04145474372955289,1.0,6.178404827456678,0.0,0.0320293398870298,0.6778334156303013,0.5555479910458873,0.6776764844776203,0.12228542458441405,0.00015693115268100577,0.1,20.0,0.0,0.12583756239941435,0.19406378404463445
0.035,1.0107738531567252,1.050628924908022,-0.048161131563705384,0.7055111794715273,0.7263569500465072,6.994394559936109,0.250623784089566,2.332056379968079e-06,0.20059215396002963,0.017481865284974092,1.0,4.928895255451078,0.0,0.09445644747184745,0.750735011147445,0.5012336936182676,0.7265294828277357,0.24950131752917737,0.024205528319709346,0.1,20.0,0.0,0.6009212052911099,0.32486941014731224
0.032,0.9987637074128799,1.0378035950363544,0.007308540235081332,1.182062204987617,0.753365394420718,7.386066738271905,0.28317007626454826,4.4890609675399236e-08,0.22075154958677684,0.016,1.0,4.558399844316511,0.0,0.10931963789070541,0.7531408153026137,0.5624552812507926,0.7532894664002484,0.1906855340518211,-0.00014865109763473328,0.2,20.0,0.0,-1.2352031770880474,0.34918601124597454
0.042,1.0036530535359964,1.0535347474136096,-0.03350534007369843,0.3827432600247691,0.6521432769816391,2.2166609049265964,0.06948652846519493,0.0017636206555788321,0.20192116512575803,0.021,1.0,5.184846471536914,0.0,0.044201240061645275,0.6573635057471264,0.45772972566219466,0.6519193629646215,0.19963378008493177,0.005444142782504935,0.1,20.0,0.0,0.13197985961288428,0.2182590229414053
0.079,0.9996870097824059,1.1052577080857964,0.006754475317044914,0.6925612854363405,0.6865570991521045,8.323615026217025,0.10053631261220441,3.858068910382384e-09,0.14682719663546778,0.039457111834962,1.0,5.927948274944315,0.0,0.03687920892257858,0.6864751245858738,0.48454419329624937,0.6864751245858738,0.20193093128962442,0.0,0.1,20.0,0.0,-0.0002659059185661228,0.19119623213222736
0.088,1.0009174335652635,1.1032300874707945,-0.006863549053333015,0.9361423603305392,0.7314088021778584,12.740198865674657,0.2276072403214897,2.92424628147425e-13,0.18438496810207333,0.044,1.0,6.132026326453841,0.0,0.08759800043348007,0.7312815083686227,0.558060744897814,0.7314831619278079,0.17322076347080873,-0.000201653559185222,0.1,20.0,0.0,-1.1918256238889333,0.4238925260005177
0.073,0.9996475675434382,1.0868037263487464,0.0019668804405311505,0.60900227124784,0.6745253505933118,6.038580506536509,0.09093063813700863,9.066372113605749e-08,0.15866471605266658,0.03646062567421791,1.0,5.996552572084647,0.0,0.03518170720555004,0.673259618842143,0.4484690624148489,0.674658396260338,0.22479055642729412,-0.0013987774181949408,0.1,20.0,0.0,0.23186481102315426,0.18425917132322486
0.051,1.0040874486058917,1.067883154529698,-0.038546024980958604,0.2184648510224226,0.5021895672776158,1.0329486980680485,0.038056214784961906,0.03155494970780311,0.18605239777681357,0.02547312961011591,1.0,5.375079428101464,0.0,0.026838573093643944,0.5216562806091171,0.5291716169059493,0.5021895672776158,-0.007515336296832209,0.019466713331501295,1.0,20.0,0.0,-0.0008541729457158809,0.23297208273570896
0.087,1.0003996753680202,1.0759327675423005,-0.0020243891148099833,0.6084432431323508,0.6617192536173674,6.562442128273313,0.1675804805387947,3.3742247681268644e-07,0.14453424985207286,0.04345235487404162,1.0,6.28421040992138,0.0,0.06493181842729243,0.6608508623169003,0.5479185217760578,0.6615306992750389,0.11293234054084245,-0.0006798369581386687,0.1,20.0,0.0,-1.12489757942035,0.4030131911402311
0.09,1.0008808906184317,1.1116031864049227,-0.006984087344626286,7.242027154292585,0.9994133952868971,64.18713956982633,0.49761500196312475,2.551128608900068e-55,0.323962148962149,0.045,1.0,6.3103504432085575,0.0,0.13754466190698278,0.9994133952868971,0.5027471872904431,0.9994133952868971,0.496666207996454,0.0,0.1,20.0,0.0,-1.2034415620949765,0.4387214584231125
0.1,1.0082036666738652,1.1059932420032854,-0.07523553578471531,5.926066299493905,0.9999019607843138,100.0,0.3454455573940753,1.3031735625801302e-60,0.32861111111111113,0.05,1.0,6.512886548659539,0.0,0.10213889096060731,0.9999019607843138,0.5080619306743565,0.9999019607843138,0.49184003010995736,0.0,0.07652250047505924,20.0,0.0,-0.10873581164442392,0.2809896396483461
0.1,0.9997139243474252,1.1548138580564442,-0.0024118878703390245,6.519617962437955,0.9998999801940979,91.52439803328996,0.2855566225015671,1.3031735625801302e-60,0.30972222222222223,0.05,1.0,6.421062170292805,0.0,0.0800475055403289,0.9998682907506438,0.4730700591113099,0.9998999801940979,0.5267982316393338,-3.168944345410818e-05,0.1,20.0,0.0,-0.3758541740273511,0.2636710573753366
0.05,1.0002561151734268,1.0724671463480333,-0.001667006169812607,5.3350083673741,0.9994852481183344,56.112159978079355,0.3140712317964169,8.14689401954481e-33,0.38710526315789473,0.025,1.0,5.413556940057552,0.0,0.09815369242249462,0.9992370475722933,0.5126740267578004,0.9994852481183344,0.4865630208144929,-0.00024820054604113295,0.1,20.0,0.0,-0.08978009708583068,0.197096473078692
0.06,0.9986900882006164,1.0700325296824034,0.008244122419499289,6.403187948573942,0.9996282805261051,40.374619554130724,0.4952989572146304,1.2081619661635278e-38,0.31906028368794326,0.03,1.0,5.790317816350814,0.0,0.13438983831898743,0.9994156271409481,0.5425040098510273,0.9996282805261051,0.4569116172899208,-0.00021265338515696897,0.1,20.0,0.0,-1.2542286942247698,0.4144015027567988
0.05,1.0146350021973543,1.0951300931000691,-0.06795340599283728,4.773859534673658,0.9999379498634897,100.0,0.7330609734213084,8.117392372950082e-33,0.34131578947368424,0.025,1.0,5.358274500779712,0.0,0.19640921104535447,1.0,0.5489889527877724,0.9999379498634897,0.4510110472122276,6.205013651028324e-05,0.06360256962075364,20.0,0.0,0.3648422697786349,0.32467526374764333
0.09,1.0007315636805527,1.120995646247686,-0.00990601216463418,6.416988896003043,0.9997804605021905,80.5843080659604,0.290131590832878,2.551128608900068e-55,0.33046398046398046,0.045,1.0,6.243591333526499,0.0,0.08469165513816972,0.9998171308358906,0.4417668010009303,0.9997804605021905,0.5580503298349604,3.66703337001395e-05,0.1,20.0,0.0,-0.1225979051217454,0.20188140171645608
0.01,0.9998889547500418,1.0072497425483782,0.0008190033734028143,3.0953644030306244,0.9789562289562289,7.213533664841263,0.4933154149019694,5.13712997206174e-08,0.46565656565656566,0.005,1.0,3.143182659653246,0.0,0.19425764304780377,0.9787037037037036,0.23259298592546476,0.9787878787878789,0.7461107177782389,-8.4175084175242e-05,0.1,20.0,0.0,-1.1477169639801925,0.2786530225306408
0.07,1.0201957022353587,1.074254147865917,-0.09553391672826428,5.007659190813246,1.0,100.0,0.719829697441214,2.4296728568105253e-44,0.36244239631336406,0.035,1.0,5.838347647224882,0.0,0.21134599913905489,0.9999064983637215,0.5654233429897838,1.0,0.43448315537393767,-9.35016362785257e-05,0.07652250047505924,20.0,0.0,0.4785156342570702,0.3637843438594253
0.06,0.9999715204824594,1.0774911768651858,-0.003493720103445244,5.524222598678305,0.9998405947511583,70.45223329828728,0.34943481104089336,1.2081619661635278e-38,0.3406914893617021,0.03,1.0,5.636285827781042,0.0,0.10022871308502862,0.9996810199222645,0.4895394937242945,0.9998405947511583,0.51014152619797,-0.0001595748288937271,0.1,20.0,0.0,-0.14768841754574025,0.19565182351516447
0.06,1.0034229112611075,1.092082483581032,-0.03625939533248279,5.315530093999261,0.9999469214437368,90.418834760528,0.3806368477295755,1.2081619661635278e-38,0.3320921985815603,0.03,1.0,5.85058572779776,0.0,0.10336435427080941,1.0,0.572308521114303,0.9999469214437368,0.42769147888569703,5.307855626324187e-05,0.06360256962075364,20.0,0.0,-0.04918595593831032,0.2202010736910177
0.02,1.0000465351497712,1.0200374279970512,0.00020059373519790147,4.232141427026936,0.9716034691269678,13.563641392306508,0.4890710688226162,1.803793667150552e-14,0.37576530612244896,0.01,1.0,3.8163770099680616,0.0,0.14296060149354964,0.9712394091298803,0.6176866556101572,0.9716034691269678,0.35355275351972304,-0.0003640599970875513,0.1,20.0,0.0,-1.1785060468046404,0.3144607679411014
0.1,1.0279949223295506,1.1141644299683737,-0.13864583768692018,5.35907264687747,0.9999326599326599,100.0,0.6621112532155498,1.2949755030834155e-60,0.3133333333333333,0.05,1.0,6.412153144784483,0.0,0.17874544578213675,0.9997643097643097,0.40656970968042777,0.9999326599326599,0.5931946000838819,-0.00016835016835015093,0.1,20.0,0.0,0.7426586459453728,0.39210252711682714
0.07,0.9999346661867866,1.0860057455505983,0.00012491815968351631,6.597686400485179,0.9985078697210534,50.10673352380427,0.5034555331378967,2.4514687394297797e-44,0.31931643625192013,0.035,1.0,5.9854627252761095,0.0,0.14073259087154666,0.9979040049867539,0.5648999536249544,0.9985078697210534,0.43300405136179954,-0.0006038647342995196,0.1,20.0,0.0,-1.2331054901932628,0.40043718262412964
0.1,1.0000248791697706,1.1532499938613219,0.0015498787056920302,6.36936030049112,0.9998316498316498,100.0,0.28874814099665624,1.3031735625801302e-60,0.31388888888888894,0.05,1.0,6.466683492138168,0.0,0.0813944039726442,0.9994949494949495,0.5337187351737825,0.9998316498316498,0.465776214321167,-0.00033670033670030186,0.07652250047505924,20.0,0.0,-0.10052388312451965,0.23518963744608742
0.06,1.0053794062723167,1.0675008950233276,-0.04856930242702551,5.455563642717578,0.9998938428874734,81.14241407946892,0.36279380683472723,1.2081619661635278e-38,0.3535460992907801,0.03,1.0,5.706287707922818,0.0,0.10030775900076175,0.9996815286624203,0.5415327093969483,0.9998938428874734,0.458148819265472,-0.0002123142250530785,0.07652250047505924,20.0,0.0,0.07636515769804086,0.2246304837319391
0.02,0.9999120691921257,1.024724998692446,0.0012568047722534073,4.2834436124736746,0.9992219985747312,28.50025232011773,0.36239961170079765,1.803793667150552e-14,0.38673469387755105,0.01,1.0,3.5380028713398017,0.0,0.11940998390628117,0.9993680692729491,0.44946458317794186,0.9992219985747312,0.5499034860950072,0.00014607069821792606,0.1,20.0,0.0,-0.343400552192914,0.17445060957711356
0.1,1.0271029395168758,1.1759118847584404,-0.1380050511767541,5.26639207527506,0.9996632996632996,100.0,0.6649217376330595,1.2942751812199126e-60,0.3247222222222222,0.05,1.0,6.47383044555488,0.0,0.18510763225039992,0.9995286195286196,0.5430089277153014,0.9996632996632996,0.4565196918133182,-0.00013468013467998752,0.1,20.0,0.0,0.7800102763579027,0.36640437474231075
0.07,1.0207046059895117,1.1104501454135713,-0.09657126382229309,4.961312670755424,0.9999064983637215,100.0,0.7058162827859,2.4372610926574607e-44,0.3127112135176652,0.035,1.0,5.8671107507826346,0.0,0.19296637612451017,0.9998129967274427,0.41268125586078996,0.9999064983637215,0.5871317408666528,-9.350163627874775e-05,0.07652250047505924,20.0,0.0,0.48490623937957533,0.3605866674618399
0.06,1.0050825057840023,1.0625765114120014,-0.04515995289235686,5.395158395356899,0.9999469214437368,87.47820767966455,0.3756607413297494,1.2081619661635278e-38,0.3167553191489362,0.03,1.0,5.803311762789902,0.0,0.0984852117464231,0.9999469214437368,0.5608252025658998,0.9999469214437368,0.4391217188778369,0.0,0.07652250047505924,20.0,0.0,-0.20202085869407993,0.2521828455607451
0.02,1.0017416684237268,1.0216670318693706,-0.016015224550755547,4.2742036996092265,0.998980185308772,33.794372810562116,0.4180714397119384,1.803793667150552e-14,0.38801020408163267,0.01,1.0,3.6102308797964984,0.0,0.1232496457060474,0.998834114610554,0.5330645423048646,0.998980185308772,0.4657695723056895,-0.00014607069821792606,0.1,20.0,0.0,0.24036241365185118,0.19110603885564814
0.05,0.9988017274195451,1.072046801805966,0.009205516328586502,6.205767402882357,0.9983879198367044,35.869063507584016,0.5026059517581657,8.14689401954481e-33,0.3323684210526316,0.025,1.0,5.316025111548653,0.0,0.1388495966668741,0.9984497742314592,0.5627852286695983,0.9983879198367044,0.43566454556186085,6.185439475481225e-05,0.1,20.0,0.0,-1.1674135577880431,0.3732137028009928
0.1,1.0006565681412618,1.1424934426120614,-0.006173461788677212,6.528990825444677,0.9992275698158051,89.40551162120184,0.28689352806706914,1.3031735625801302e-60,0.3302777777777778,0.05,1.0,6.450040873910524,0.0,0.08353990129925752,0.9992661913250149,0.5551864405659785,0.9992275698158051,0.4440797507590364,3.862150920985741e-05,0.1,20.0,0.0,0.13805681382352875,0.19413364184257142
0.02,1.0057801760077796,1.025959478759745,-0.026314007582494803,3.3905254780331555,0.9928608504620211,43.55383469677219,0.7454005976034854,2.443191321290576e-14,0.39413265306122447,0.01,1.0,3.6225430332497015,0.0,0.21680041609481027,0.9930302984279459,0.6112385257350574,0.9928608504620211,0.38179177269288844,0.00016944796592477385,0.1,20.0,0.0,0.2509684090900719,0.28162310692757486
0.02,1.0056260285887477,1.0187055741598563,-0.027285084684230076,3.296034793885004,0.9936343848934608,38.53443477202545,0.7383693617089903,2.9291845856857266e-14,0.3716836734693878,0.01,1.0,3.6565189257071973,0.0,0.2139396693522382,0.9935853968611328,0.534176830065172,0.9937800088922958,0.45940856679596076,-0.00019461203116299952,0.07652250047505924,20.0,0.0,1.0534519997541976,0.1385475530163482
0.03,1.0014402506535571,1.0687296140111398,-0.01567696559615339,4.427628329952887,0.998763521002943,50.814661369189764,0.41500632046665614,9.774748221941258e-21,0.3847938144329897,0.015,1.0,4.506418273133401,0.0,0.1223201716364783,0.998763521002943,0.5438346142572822,0.998763521002943,0.4549289067456608,0.0,0.1,20.0,0.0,-0.28071921795877586,0.21986874155776376
0.04,0.9999815888066272,1.046545353054227,-0.0015454594142636363,5.063594903767865,0.999198717948718,48.97985384062234,0.3442499804896702,7.562697656371173e-27,0.3559895833333333,0.02,1.0,4.9859950744320365,0.0,0.10519054988434587,0.999198717948718,0.482963345673559,0.999198717948718,0.5162353722751589,0.0,0.07652250047505924,20.0,0.0,-0.0607652971478454,0.1875622481159057
0.01,1.0007754771662494,1.012400073947111,-0.007010791685913342,3.3920919349817824,0.9994107744107744,20.780911361698195,0.4905060938678447,5.13712997206174e-08,0.48964646464646466,0.005,1.0,3.0270909158940214,0.0,0.1600787135239888,0.9994107744107744,0.49659026659545596,0.9994107744107744,0.5028205078153185,0.0,0.1,20.0,0.0,-0.15669430730707967,0.17520770992769996
0.06,0.9989166522319102,1.1105188830454813,0.006864689013205166,6.451975042876734,0.996593645496293,43.124848848454036,0.5066785057492478,1.2081619661635278e-38,0.362677304964539,0.03,1.0,5.562108581821716,0.0,0.16466072123550685,0.9963279135548727,0.496649024781783,0.996593645496293,0.4996788887730897,-0.00026573194142032186,0.1,20.0,0.0,-1.172310560508539,0.4053755655364544
0.08,1.0180986240401386,1.1033855130952317,-0.10320313744112797,5.094238963079421,0.9998778114956183,100.0,0.714539734879392,6.717516310101138e-50,0.3123641304347826,0.04,1.0,6.19616853309644,0.0,0.19337419669735584,0.9998792267674487,0.4245410574536425,0.9998778114956183,0.5753381693138062,1.4152718303961365e-06,0.1,20.0,0.0,0.9583174736085271,0.341384684491356
0.05,1.0004739599437698,1.0491074202821593,-0.002609867102842202,6.139797290491903,0.998069741613053,35.13087114311116,0.5044653303760989,8.14689401954481e-33,0.34921052631578947,0.025,1.0,5.235114626767389,0.0,0.15505200321571128,0.997822324034034,0.49560554416985986,0.998069741613053,0.5022167798641741,-0.0002474175790189159,0.1,20.0,0.0,-1.1999916537466364,0.3801449003664504
0.01,1.0007432624986379,1.013027071622605,-0.006675985475341539,3.360480454309052,1.0,23.349424736261245,0.49519995187515,5.13712997206174e-08,0.4414141414141414,0.005,1.0,2.945132149492984,0.0,0.15567383928404746,1.0,0.6298821548821548,1.0,0.3701178451178452,0.0,0.06360256962075364,20.0,0.0,-0.26682381832196533,0.17859087488972844
0.04,1.0002039387008759,1.0421794404472902,-0.003390300580365768,5.084819897913418,0.9993875915750916,47.38675902417041,0.3374307136928654,7.562697656371173e-27,0.3372395833333333,0.02,1.0,5.026949621054339,0.0,0.09873758876014926,0.9992330586080586,0.5514483455053946,0.9993875915750916,0.447784713102664,-0.00015453296703304975,0.1,20.0,0.0,0.04217852050104565,0.1641688587953962
0.1,1.0068360610879175,1.1195470282235285,-0.07110902008804554,6.111292454340876,0.9998316498316498,100.0,0.3417827233157055,1.3031735625801302e-60,0.3130555555555556,0.05,1.0,6.549337302386548,0.0,0.09414433113118051,0.9997989700930878,0.5072534057737289,0.9998316498316498,0.4925455643193589,-3.2679738562024774e-05,0.1,20.0,0.0,0.021618492011493018,0.2583600003739286
0.07,1.0158458166393938,1.0934388865190443,-0.08771430236299471,4.9225281392887785,0.9999532491818607,100.0,0.7288617925124368,2.4281937067492316e-44,0.32269585253456223,0.035,1.0,5.926419457369082,0.0,0.18885446407295933,0.9999064983637215,0.5284582171894604,0.9999532491818607,0.4714482811742611,-4.675081813920734e-05,0.07652250047505924,20.0,0.0,0.5531160462627147,0.33050599214834964
0.08,0.9968932530346443,1.096350838257574,0.021441816133262945,7.112665280864941,0.9988975740077484,52.42868075318986,0.48954239188388915,6.781181189465561e-50,0.3152173913043478,0.04,1.0,6.080041850302035,0.0,0.1325008177937034,0.9986097582628776,0.5088000659530202,0.9987738388134377,0.4898096923098574,-0.0001640805505601639,0.1,20.0,0.0,-1.2386525699591084,0.43507083196433083
0.03,1.0026075814942619,1.052217166611971,-0.023294180053332836,4.5848075364210175,0.9998971193415637,50.490776519989545,0.4288557633258037,9.774748221941258e-21,0.39381443298969077,0.015,1.0,4.703784511672048,0.0,0.11982051508592102,0.9998971193415637,0.33522091743925103,0.9998971193415637,0.6646762019023127,0.0,0.07652250047505924,20.0,0.0,0.011966019119459492,0.19573206540272625
0.06,0.9998921223900711,1.0566767728319815,0.002864355030427583,5.7959693658552665,0.9999469214437368,61.078167950134706,0.3125849804839637,1.2081619661635278e-38,0.37145390070921985,0.03,1.0,5.757960195603414,0.0,0.1022397942293351,0.999787346614843,0.46515480017862815,0.9999469214437368,0.5346325464362149,-0.0001595748288937271,0.07652250047505924,20.0,0.0,-0.2108199928545753,0.20437067113088453
0.06,1.001879590448083,1.0617944160851047,-0.010832393149037865,6.379054057907146,0.9987758016049056,43.46438332122311,0.5164505382753447,1.2081619661635278e-38,0.3571808510638298,0.03,1.0,5.622288581924117,0.0,0.16884768380457926,0.9986694749123272,0.5200123347461397,0.9987758016049056,0.47865714016618743,-0.00010632669257848448,0.1,20.0,0.0,-1.2207331834786441,0.4041111120713442
0.05,1.0115086342474233,1.0643461726817098,-0.06289971716898046,4.892797218859638,0.9990619076365123,96.9265659357363,0.728513075144172,8.121917869727483e-33,0.3581578947368421,0.025,1.0,5.446255255036354,0.0,0.2096278541168049,0.9990000532417577,0.476936993136698,0.9990619076365123,0.5220630601050597,-6.18543947545902e-05,0.1,20.0,0.0,0.6527694800560839,0.30919854418341963
0.09,1.008161933548498,1.1038336007887786,-0.06745405442648122,5.889552117545975,1.0,100.0,0.35913314374478333,2.551128608900068e-55,0.3191697191697192,0.045,1.0,6.3352366040479335,0.0,0.10427297785803619,0.9999266593325999,0.4957582850847493,1.0,0.5041683742478507,-7.334066740005696e-05,0.07652250047505924,20.0,0.0,-0.42334545154998127,0.28595261877760236
0.1,1.0000159555416746,1.1493176789051012,0.002786329525448175,6.481893164334057,0.9992929292929293,85.71705918237144,0.28186072977922205,1.3031725042057851e-60,0.31166666666666665,0.05,1.0,6.538750029393264,0.0,0.07727753129674493,0.9992929292929293,0.600665674719701,0.9992929292929293,0.39862725457322834,0.0,0.1,20.0,0.0,-0.2784346783827285,0.23172253824711717
0.06,1.005896608451381,1.070847676946144,-0.04895614505570789,5.331195283996926,0.9998404251711063,86.69501175968277,0.39215736220977565,1.2081619661635278e-38,0.3401595744680851,0.03,1.0,5.708124312898064,0.0,0.11050053640840746,0.9998404251711063,0.497645160639804,0.9998404251711063,0.5021952645313023,0.0,0.1,20.0,0.0,-0.22409440294187455,0.25646757810395365
0.04,0.9994454746496203,1.0297679559480206,0.002179735853893347,5.681531620366098,0.9952838827838827,29.045499582252006,0.5127123820092185,7.562697656371173e-27,0.30625,0.02,1.0,4.8803273910793825,0.0,0.13360365111012795,0.995518543956044,0.4062238961394001,0.9952838827838827,0.5892946478166439,0.0002346611721613101,0.1,20.0,0.0,-1.1557897987773242,0.3605096928873108
0.08,1.0212714123390547,1.1150292303125025,-0.1057007298454582,5.012050795250299,0.9999195721236981,100.0,0.6725589514789213,6.76643068172672e-50,0.34198369565217396,0.04,1.0,6.158531807152759,0.0,0.19660442282031132,0.9999596546437505,0.47404035381423865,0.9999195721236981,0.5259193008295118,4.008252005238688e-05,0.07652250047505924,20.0,0.0,0.4617347673234313,0.359701342009481
0.04,0.9996918349730243,1.0369934294822911,0.006012743755836936,5.070140711031499,0.9996966575091575,50.83363136202648,0.3456333046987854,7.562697656371173e-27,0.35104166666666664,0.02,1.0,5.057530299368894,0.0,0.10593092824925682,0.9997767857142857,0.49412494222207143,0.9996966575091575,0.5056518434922144,8.012820512826035e-05,0.07652250047505924,20.0,0.0,-0.03595975174952759,0.1870284653544185
0.03,1.0074387631359654,1.0324999628175413,-0.039146817157066804,4.069119530715266,0.9967008115786925,60.24162844407369,0.726919605622232,1.4027414717867708e-20,0.3560996563573883,0.015,1.0,4.44159168940345,0.0,0.2012198857102066,0.9973177770133393,0.4665363325054492,0.9965976124042859,0.5307814445078902,0.0007201646090534419,0.1,20.0,0.0,0.7428266755464485,0.2762110530437564
0.08,1.0063313526302893,1.090464604028704,-0.05792343878627848,5.8133059019185565,0.9993766839586601,100.0,0.37479141044645303,6.781181189465561e-50,0.29701086956521744,0.04,1.0,5.99583623243746,0.0,0.09949881190763032,0.9993766839586601,0.4842154716874212,0.9993766839586601,0.5151612122712389,0.0,0.1,20.0,0.0,-0.22651277716918328,0.27959229518084905
0.08,1.0058398692657906,1.1265224050223233,-0.05968921781208336,5.833932630279622,0.9990274959617745,94.51278151616522,0.3322567975195628,6.781181189465561e-50,0.3516304347826087,0.04,1.0,6.001846073009698,0.0,0.11053423496439577,0.9991096019461039,0.3910058109030512,0.9990274959617745,0.6081037910430527,8.210598432933924e-05,0.1,20.0,0.0,0.07418735251945296,0.24663975296158233
0.04,1.0131618534062854,1.0537147949211731,-0.05680509053099869,4.426971250623746,0.9964056776556776,78.18305288491982,0.7407424397423605,7.538669470735155e-27,0.34036458333333336,0.02,1.0,4.796140266750902,0.0,0.2005695966348614,0.996731913919414,0.519125479520783,0.9963255494505493,0.47760643439863093,0.0004063644688646617,0.1,20.0,0.0,0.6845262182779219,0.15143769700772808
0.01,1.00010216673062,1.0078820777079067,-0.00046940331621265867,3.021311572774474,0.9730639730639731,7.513918630565742,0.498754065589384,5.13712997206174e-08,0.5396464646464646,0.005,1.0,3.0786139396135543,0.0,0.22832318943312951,0.9734848484848485,0.23484625864878583,0.9724747474747474,0.7386385898360627,0.0010101010101011276,0.1,20.0,0.0,-1.1480252822751706,0.2678758217539914
0.08,1.0005948099943203,1.0931219217855095,-0.00629553649290645,6.399009779071071,1.0,72.76746428539157,0.29498229302330137,6.781181189465561e-50,0.3440217391304348,0.04,1.0,6.161161952657154,0.0,0.08948211487254513,1.0,0.5136346117077145,1.0,0.4863653882922855,0.0,0.06360256962075364,20.0,0.0,-0.14985714596799182,0.20891839043646637
0.05,1.0034252700080104,1.0446744322176305,-0.03462426409810371,5.193482904540366,0.9991312980888557,69.56908866145972,0.38433126759000563,8.14689401954481e-33,0.34605263157894733,0.025,1.0,5.314073776645699,0.0,0.10825611514404912,0.998572846860263,0.5047029812294053,0.9991933482253662,0.4938698656308578,-0.0006205013651031654,0.07652250047505924,20.0,0.0,0.03791979634947351,0.23484157426561386
0.03,0.9999949880930462,1.040619435613192,0.00019421248127040637,4.788141262177869,0.9996904024767801,39.71862987488459,0.356757038344466,9.774748221941258e-21,0.33874570446735397,0.015,1.0,4.407724631962178,0.0,0.10802996968106635,0.9996904024767801,0.33881847226886364,0.9996904024767801,0.6608719302079165,0.0,0.07652250047505924,20.0,0.0,-0.15079394888052988,0.1695580053801187
0.04,1.010982496450956,1.0409549764850237,-0.0552154812468284,4.6487203950830915,0.9992845695970697,79.43604598547901,0.732585337129378,7.542264134159404e-27,0.36484374999999997,0.02,1.0,5.070359312354927,0.0,0.21978083436233745,1.0,0.4048389090092493,0.9993646978021977,0.5951610909907508,0.0006353021978022788,0.06360256962075364,20.0,0.0,1.005863115461099,0.2918416877339392
0.07,0.9998501554531715,1.0691324384261602,-0.0005302964006977662,6.651528314744107,0.9953755649057191,48.323516076918196,0.49587959886831445,2.4514687394297797e-44,0.31347926267281107,0.035,1.0,5.912287073645864,0.0,0.13943433899297958,0.9954223157238585,0.5163089015272015,0.9953755649057191,0.479113414196657,4.6750818139429384e-05,0.1,20.0,0.0,-1.237637941861445,0.41815643084564386
0.05,1.0005253368783646,1.089195139892572,-0.004421056947803315,6.207219693700881,0.9974569720472943,32.27528234839,0.48309183027891867,8.14689401954481e-33,0.32605263157894737,0.025,1.0,5.1704217846306575,0.0,0.14348415430524836,0.9973259229419517,0.3921151987642739,0.9974569720472943,0.6052107241776777,-0.00013104910534267322,0.1,20.0,0.0,-1.2324191310189272,0.40216828231517826
0.09,1.0253005790590735,1.1037880527465294,-0.12403563818986574,5.148180103511029,0.9998901096249976,100.0,0.6541262497677224,2.543482311670777e-55,0.32548840048840044,0.045,1.0,6.326650027613159,0.0,0.1857431305842292,0.9999633296662999,0.4739387904824786,0.9998901096249976,0.5260245391838212,7.322004130227988e-05,0.07652250047505924,20.0,0.0,0.6441268221958194,0.366169439112523
0.08,1.0221294097902638,1.124911067998426,-0.11277517847806484,5.046335939844112,0.9995937158938443,100.0,0.6439682417296149,6.762905320740931e-50,0.3209239130434782,0.04,1.0,6.1805616893505135,0.0,0.18091926544395087,0.9994295039251856,0.47358205150270544,0.9995937158938443,0.5258474524224801,-0.0001642119686586785,0.1,20.0,0.0,1.0685083651131482,0.35141497881142764
0.03,1.000855072525469,1.0244231672144146,-0.005854158453037064,4.948713847835356,0.9870051854399979,20.746792515915022,0.50840733133689,9.774748221941258e-21,0.3777491408934708,0.015,1.0,4.461846523932983,0.0,0.1701793751332763,0.9866971804966301,0.5406174205691834,0.9870051854399979,0.44607975992744675,-0.00030800494336780115,0.1,20.0,0.0,-1.2254123419840506,0.3574146457199103
0.09,1.000286504871896,1.1195252199183345,-0.00811498446782738,6.307190658789787,0.9993776899619787,85.67898535128023,0.3016640576652815,2.5511267227941137e-55,0.3102869352869353,0.045,1.0,6.246140257649122,0.0,0.0880748303249287,0.9993778105880763,0.5409192523030588,0.9993776899619787,0.45845855828501747,1.2062609755503217e-07,0.1,20.0,0.0,0.014193511412292192,0.22224944153238596
0.1,1.0082028115830655,1.1207713551634129,-0.07980409596791715,5.843353610080173,0.9998673004555357,100.0,0.36213404427041385,1.3031735625801302e-60,0.3152777777777777,0.05,1.0,6.5380064961917395,0.0,0.09727424388327865,0.9998336304218659,0.4886490613556906,0.9998673004555357,0.5111845690661754,-3.3670033669830346e-05,0.1,20.0,0.0,0.12578908466892536,0.2583600003739286
0.09,1.000358529730199,1.148072674665262,-0.005907607431472131,6.510229334277225,0.9997435489162951,79.05585563256128,0.2835745660464922,2.551128608900068e-55,0.31105006105006106,0.045,1.0,6.343724265372247,0.0,0.07782445541128538,0.9997068785825952,0.4190283217827718,0.9997802192499953,0.5806785567998234,-7.334066740005696e-05,0.1,20.0,0.0,-0.13579857945581963,0.22159130313803851
0.1,1.0292861431563565,1.1474962263335482,-0.14292967744992602,5.353910745512466,0.9993790849673202,100.0,0.6537880782734993,1.296264607684159e-60,0.3380555555555556,0.05,1.0,6.593085146659986,0.0,0.18642022038370143,0.9996078431372549,0.47844031341111615,0.9993464052287582,0.5211675297261388,0.0002614379084967533,0.07652250047505924,20.0,0.0,0.8778805309362658,0.3762033415503424
0.02,0.9999207510171544,1.0131891411601353,0.000357438218947799,4.365205559975862,0.9992458225418207,24.777828990482394,0.34471778246412726,1.803793667150552e-14,0.41989795918367345,0.01,1.0,4.078171572498223,0.0,0.12871107204806762,0.9990759278765132,0.3084027479694009,0.9992458225418207,0.6906731799071123,-0.00016989466530747954,0.1,20.0,0.0,-0.2083959970735143,0.16637358083163709
0.09,1.0006521525275394,1.124468523709825,-0.004750158871203707,7.16569867576078,0.9996702082488951,61.81346729849804,0.5118649189910998,2.551128608900068e-55,0.32945665445665445,0.045,1.0,6.338467118154599,0.0,0.148487015907561,0.999523526914095,0.4429853192716184,0.9996702082488951,0.5565382076424765,-0.00014668133480011392,0.1,20.0,0.0,-1.1912907781167146,0.42141214453099424
0.03,1.0025592396686855,1.0306608719954913,-0.02363933361723536,4.67710512353401,0.9966976264189887,44.80371716507244,0.40606212230138156,9.774748221941258e-21,0.3792955326460481,0.015,1.0,4.543747989442163,0.0,0.11693603891089482,0.9963883474117393,0.4256559728565216,0.9966976264189887,0.5707323745552177,-0.0003092790072494189,0.1,20.0,0.0,0.11612875139774115,0.21447166112815202
0.09,0.999905892743177,1.1338047813922505,-0.0017624598400265284,6.302638824523508,1.0,83.65227963697124,0.29435341177866503,2.551128608900068e-55,0.3132173382173382,0.045,1.0,6.431519574092315,0.0,0.08134369543129528,1.0,0.5669343005537049,1.0,0.43306569944629514,0.0,0.06360256962075364,20.0,0.0,-0.20551814600860485,0.23026320859691649
0.1,1.0052644938632593,1.1400078794008621,-0.05854012638293549,6.0601743638400745,0.9999326599326599,100.0,0.34659389938957974,1.3031735625801302e-60,0.3269444444444444,0.05,1.0,6.489896339475992,0.0,0.09998927267455644,0.9998326401267578,0.48585168391496286,0.9999326599326599,0.513980956211795,-0.00010001980590212955,0.1,20.0,0.0,-0.12842363347986652,0.3125289642660618
0.06,1.0005737832716808,1.0752666566418474,-0.00403854839974294,6.62932234497357,0.9993610223642172,42.92153405434971,0.5072727726433012,1.2081619661635278e-38,0.3223404255319149,0.03,1.0,5.514092140937085,0.0,0.14394986757173048,0.9994142705005324,0.5754509311469126,0.9993610223642172,0.42396333935361985,5.324813631524261e-05,0.1,20.0,0.0,-1.1533171878676567,0.3720867422107501
0.1,1.028976300458844,1.145840020944194,-0.14021473347062097,5.220446290529126,0.9999336502277679,100.0,0.6625975495021441,1.2927580469959703e-60,0.31555555555555553,0.05,1.0,6.492635148045033,0.0,0.1873644963703603,0.9997692612398494,0.5354901068182951,0.9999336502277679,0.4642791544215543,-0.00016438898791848455,0.1,20.0,0.0,0.5104441478437982,0.38066180084468626
0.09,1.000212867071987,1.122145183119813,-0.0020161544967356297,6.586617197509463,0.9993053143033602,79.80007951591124,0.2807607221131735,2.551128608900068e-55,0.3321123321123321,0.045,1.0,6.307776489961409,0.0,0.08589516298366247,0.9992688852218555,0.43817325109103455,0.9993053143033602,0.561095634130821,-3.642908150469637e-05,0.1,20.0,0.0,-0.020316793419502766,0.20373257786955537
0.09,1.0047794712124858,1.0872429719154453,-0.05561789632651426,5.75192979692236,0.9999266593325999,100.0,0.3654869102911035,2.551128608900068e-55,0.3121794871794872,0.045,1.0,6.3504330871926165,0.0,0.10520979065792492,1.0,0.4906813924331817,0.9999266593325999,0.5093186075668183,7.334066740005696e-05,0.06360256962075364,20.0,0.0,0.059175239952418135,0.2542212806204943
0.08,0.9991496074077822,1.092940637442142,0.0036597471311375952,7.061616018203098,0.9995492561402023,52.66350187408972,0.490760374333031,6.781181189465561e-50,0.31902173913043474,0.04,1.0,6.221127002254622,0.0,0.14572982875586205,0.9995450103247112,0.5155493417258123,0.9995492561402023,0.48399566859889886,-4.245815491077387e-06,0.1,20.0,0.0,-1.1768690772172594,0.4139553784029519
0.05,1.0145397560772131,1.0786746133913514,-0.07040882592009767,4.747097161175212,0.9998685594111462,100.0,0.7303548213361881,8.123996369108391e-33,0.3360526315789473,0.025,1.0,5.424072885924667,0.0,0.20452080920888038,0.999934279705573,0.37868335487421906,0.9998685594111462,0.621250924831354,6.572029442686311e-05,0.07652250047505924,20.0,0.0,1.0177466684916148,0.3323021476688916
0.1,0.9987691460668916,1.12085365311795,0.008615590032828059,7.322966052951921,0.9994276094276094,68.86884409666503,0.4869786166770884,1.3031735625801302e-60,0.3188888888888889,0.05,1.0,6.350651844307945,0.0,0.1471962840755697,0.9990661517132104,0.5024820168862959,0.9994276094276094,0.49658413482691455,-0.0003614577143989939,0.1,20.0,0.0,-1.2401179047423652,0.46861049218858086
0.03,0.9996553445170597,1.046064648176431,0.004574215589310496,4.67789601915775,0.9989692823198156,40.09927396760941,0.3649639862860855,9.774748221941258e-21,0.38634020618556697,0.015,1.0,4.59103550566396,0.0,0.10761094316495062,0.9989692823198156,0.4293601629286041,0.9989692823198156,0.5696091193912115,0.0,0.1,20.0,0.0,-0.10932432252289193,0.14440412852270165
0.06,1.0047036442123498,1.075592836566554,-0.04193312487676393,5.460992776405573,1.0,81.03242761493853,0.3785530424798792,1.2081619661635278e-38,0.31400709219858153,0.03,1.0,5.738187480005527,0.0,0.09989695849849922,1.0,0.39451282480028665,1.0,0.6054871751997133,0.0,0.06360256962075364,20.0,0.0,-0.20101332742183686,0.257188516166256
0.06,1.000598948818987,1.0573622044047377,-0.007907212549952913,5.597994913573017,0.999787346614843,69.30201074932107,0.3147786752012181,1.2081619661635278e-38,0.3676418439716312,0.03,1.0,5.675436933982476,0.0,0.10693722964050861,0.9996806807621605,0.565688278726444,0.999787346614843,0.43399240203571654,-0.00010666585268248596,0.1,20.0,0.0,0.050167078629832496,0.1911169015926353
0.01,1.0031917176775556,1.0038743107353054,-0.013963432869534609,2.325135932377317,0.9786195286195287,16.04637993389275,0.7050194401321281,1.531942000798638e-07,0.4303030303030303,0.005,1.0,1.7132248834014314,0.0,0.24085796388542746,0.9823232323232324,0.7497184166850556,0.9786195286195287,0.2326048156381768,0.0037037037037036535,0.1,20.0,0.0,0.6847479659486293,0.12181181019026317
0.08,0.9994216144990623,1.0949257609858976,0.0018399918591322471,6.929154306188863,0.9993514112474039,56.51316300545921,0.5128233649707145,6.781181189465561e-50,0.30597826086956526,0.04,1.0,6.177347592393389,0.0,0.14490962308709665,0.9990307207597309,0.5632948658511417,0.9993514112474039,0.4357358549085891,-0.00032069048767302544,0.1,20.0,0.0,-1.1900786179920946,0.4051892928104287
0.08,1.0065212570080682,1.1034720422130135,-0.06000443391345189,5.6730868236810625,0.9999596546437505,100.0,0.38447867867397173,6.781181189465561e-50,0.3142663043478261,0.04,1.0,6.153913206025848,0.0,0.1098041633724852,1.0,0.520353813319774,0.9999596546437505,0.47964618668022596,4.0345356249527065e-05,0.06360256962075364,20.0,0.0,-0.08520908198893862,0.24452543675163724
0.02,0.9996549028551568,1.0203032313116258,0.0020454211328906867,4.597984718181501,0.989630171624881,15.459737463998788,0.5085075019943639,1.803793667150552e-14,0.4362244897959184,0.01,1.0,3.8337735975878213,0.0,0.16892578541505776,0.9887303701678668,0.5588371581223497,0.9898000662901884,0.4298932120455171,-0.0010696961223215506,0.1,20.0,0.0,-1.1988958636753717,0.3203221127735949
0.1,1.0014930130233466,1.1384082337368633,-0.0207008387483079,6.658315782582911,0.9991820162408397,85.6474073573604,0.29010197889209277,1.3031735625801302e-60,0.3055555555555555,0.05,1.0,6.576632823560217,0.0,0.08011118335569534,0.9991820162408397,0.39284622930087637,0.9991820162408397,0.6063357869399633,0.0,0.1,20.0,0.0,0.194322684913661,0.19905226714762306
0.08,1.0212009958245876,1.1556825284992331,-0.10961904302969216,5.222966157882035,0.9998372033031716,100.0,0.7029246950968496,6.725778659418735e-50,0.3232336956521739,0.04,1.0,6.19473076174692,0.0,0.18920297552927456,0.9996357393581213,0.5443754579703096,0.9998372033031716,0.4552602813878117,-0.0002014639450502731,0.1,20.0,0.0,0.8331436294247867,0.3483686656112613
0.1,0.9978479795275795,1.1250649266192159,0.010791530897891793,7.377148112194011,0.9998692810457516,69.78665398174502,0.5106870215731532,1.3031735625801302e-60,0.31083333333333335,0.05,1.0,6.539433255000194,0.0,0.1440943538130693,0.9997346009110716,0.4453639422182931,0.9998692810457516,0.5543706586927785,-0.00013468013467998752,0.1,20.0,0.0,-1.2276446266642977,0.4611977101066545
0.05,1.0121215188946262,1.072596558444052,-0.06400702452238072,4.782269504652951,0.9998144368157358,100.0,0.7204664865467159,8.121917869727483e-33,0.3328947368421053,0.025,1.0,5.306598818478008,0.0,0.19031820425738577,0.9998762912104905,0.47015832285955095,0.9998144368157358,0.5297179683509395,6.185439475470123e-05,0.07652250047505924,20.0,0.0,0.5198478562520807,0.32467526374764333
0.06,1.0177408235310696,1.061209926872108,-0.08380459776018112,4.777376881520596,0.9999467518636848,100.0,0.7135562098952583,1.205109326628165e-38,0.33962765957446805,0.03,1.0,5.45437289881835,0.0,0.20762649502186298,0.9998402555910543,0.5039076720693436,0.9999467518636848,0.49593258352171066,-0.00010649627263048522,0.07652250047505924,20.0,0.0,0.6785776361412053,0.33858058013098963
0.05,1.003703487600553,1.0531583315905708,-0.03697408329808094,5.1124786459240035,0.9984459083317869,73.38987504948489,0.3955529983253228,8.14689401954481e-33,0.3313157894736842,0.025,1.0,5.442885257034379,0.0,0.11009245877619175,0.9985038968268696,0.44366992694134716,0.9984459083317869,0.5548339698855225,5.798849508265036e-05,0.1,20.0,0.0,0.08615810645048283,0.2245457618871242
0.01,0.9999500860519704,1.0100935794901063,0.0006807442858191015,3.619266625596598,0.9966329966329966,15.031167327208722,0.37837701848884364,5.13712997206174e-08,0.3805555555555556,0.005,1.0,3.1003748118676815,0.0,0.11845403813705582,0.9963804713804714,0.6322315084656797,0.9966329966329966,0.3641489629147917,-0.0002525252525252819,0.1,20.0,0.0,0.008329333338572109,0.1268525001438457
0.07,1.000161522251415,1.1333475285154948,-0.0044599624047214625,5.9449809723137435,0.9996785881252922,73.08459884169216,0.3235154522762102,2.4514687394297797e-44,0.3224270353302611,0.035,1.0,5.929574883831062,0.0,0.08600238395901016,0.9994448340345956,0.5674641143543293,0.9996785881252922,0.4319807196802663,-0.0002337540906965918,0.1,20.0,0.0,-0.04686172842132841,0.2022882957367701
0.07,1.004696105872007,1.0882487912475203,-0.04970969766827704,5.714020432704839,0.999859747545582,90.53118443441853,0.3518717843593083,2.4514687394297797e-44,0.33160522273425497,0.035,1.0,5.925433423159134,0.0,0.10384936858009877,0.9998129967274427,0.5692426508780449,0.999859747545582,0.4305703458493978,-4.675081813931836e-05,0.07652250047505924,20.0,0.0,0.10421868221743402,0.23382276150761785
0.06,1.00119671356863,1.0774100329829277,-0.007978830595732067,6.593412395074936,0.9989350372736953,41.34226940304207,0.48597013362600955,1.2081619661635278e-38,0.3177304964539007,0.03,1.0,5.6927717991384785,0.0,0.13315137481665434,0.9989350372736953,0.5593250019604378,0.9989350372736953,0.4396100353132575,0.0,0.1,20.0,0.0,-1.1979658484485085,0.39299693408171954
0.07,1.0174015555635514,1.114240537016685,-0.09347443186060578,4.894166485022901,0.9994857410004675,100.0,0.6942046036045109,2.4428539631828293e-44,0.3340245775729647,0.035,1.0,5.76050802757209,0.0,0.19064394360660464,0.9995363877201183,0.4757312746291933,0.9994857410004675,0.523805113090925,5.0646719650826455e-05,0.1,20.0,0.0,0.8064523637746674,0.3295579178174555
0.01,1.0001270879957123,1.0058276195423579,-0.0006795997776069357,3.044298868201376,0.9685185185185184,8.218256890477361,0.5127809439459063,5.13712997206174e-08,0.42196969696969694,0.005,1.0,3.1134090542925072,0.0,0.17494953849712466,0.9677609427609427,0.0,0.9678451178451177,0.0,-8.417508417501995e-05,0.0,20.0,0.0,-1.1678592527566236,0.2678758217539914
0.02,0.9997596512135407,1.0199893939137865,0.002095330656387579,4.450692717730155,0.99941750400466,24.73270540247323,0.3370998222186218,1.803793667150552e-14,0.43239795918367346,0.01,1.0,4.016013264360827,0.0,0.12394832066334789,0.999563128003495,0.3893163187701894,0.99941750400466,0.6102468092333055,0.00014562399883499832,0.07652250047505924,20.0,0.0,-0.07274489042553478,0.1613127061634825
0.1,1.0074225948853492,1.1569096207122154,-0.07190063267128344,6.0639856580276446,0.9996632996632998,100.0,0.3612047147106423,1.3031735625801302e-60,0.31972222222222224,0.05,1.0,6.537256619651532,0.0,0.10376432494464669,0.9996969696969696,0.5206124270518013,0.9996632996632998,0.4790845426451683,3.3670033669830346e-05,0.1,20.0,0.0,-0.11927081504658288,0.28671227681405465
0.05,1.0136047743668792,1.051191407978903,-0.06778264108268539,4.769944742391345,0.9999381456052453,100.0,0.7364490183204065,8.112352962975023e-33,0.34184210526315795,0.025,1.0,5.355111776297321,0.0,0.20892528291054444,0.9999381456052453,0.5015865703463348,0.9999381456052453,0.4983515752589105,0.0,0.07652250047505924,20.0,0.0,0.7709004871340133,0.3172731895112552
0.01,1.0001002973543227,1.0070751074281876,-0.0005352435741837773,3.1232658844646126,0.9686026936026937,7.64774111196318,0.5038578903774307,5.13712997206174e-08,0.4777777777777778,0.005,1.0,2.4716315390550574,0.0,0.18092515427525205,0.9683501683501684,0.4344276094276094,0.9686868686868687,0.533922558922559,-0.00033670033670030186,0.1,20.0,0.0,-1.1911732167304463,0.2769520545166882
0.06,1.0043542503444656,1.0735753613013423,-0.04533623857931779,5.409000945062909,0.9995743540695821,84.12358636904388,0.3675152054300728,1.2081619661635278e-38,0.37517730496453905,0.03,1.0,5.641314704593469,0.0,0.1178351882862296,0.9994683665371075,0.5099108513100268,0.9995743540695821,0.4895575152270807,-0.00010598753247459403,0.1,20.0,0.0,0.33556461698818385,0.23905619948489
0.01,1.000247555446931,1.007256839303233,-0.0014100268795594999,3.025578527512516,0.9120370370370371,7.0279711316574085,0.49460458860176415,5.13712997206174e-08,0.38484848484848483,0.005,1.0,3.140374953041026,0.0,0.16075138444427406,0.9098484848484848,0.6947602873299896,0.9099326599326599,0.21508819751849517,-8.417508417513098e-05,0.7,20.0,0.0,-1.196738398993898,0.28037035253134046
0.09,1.0250317588507556,1.093406064995081,-0.12571109451034101,5.027046933960585,0.9996703288749927,100.0,0.6781934897009079,2.5365148953094357e-55,0.3155982905982906,0.045,1.0,6.31605161155915,0.0,0.1916634009012882,0.9998535599173953,0.40532754676396454,0.9996703288749927,0.5945260131534308,0.00018323104240258736,0.1,20.0,0.0,0.8825488358244091,0.35980814244697373
0.05,1.0040122898465218,1.0604487466061938,-0.03629287627587541,5.0998001529194585,0.9991531722300389,72.31807705729986,0.3786452814047074,8.14689401954481e-33,0.3447368421052632,0.025,1.0,5.308354715838496,0.0,0.111541328690999,0.9992884787185649,0.41639831430106006,0.9991531722300389,0.5828901644175049,0.00013530648852599914,0.1,20.0,0.0,-0.05578268800956909,0.22771816513941218
0.04,1.0004169050959937,1.0509081261762578,-0.005713565988961569,5.085367527118472,0.999702380952381,50.82113659186855,0.3490722637071215,7.562687123443064e-27,0.3638020833333333,0.02,1.0,4.934891657309171,0.0,0.10378734964955891,0.999702380952381,0.5681429811636343,0.999702380952381,0.4315593997887467,0.0,0.07652250047505924,20.0,0.0,0.16926305865022861,0.1641688587953962
0.05,1.0029609841037128,1.043497785317069,-0.03138895488786175,4.916736045538881,0.9994195278239074,82.59457184135204,0.3984929390293047,8.14689401954481e-33,0.3276315789473684,0.025,1.0,5.352906996331885,0.0,0.10888332166929818,0.9994195278239074,0.3999174269226506,0.9994815779604179,0.5995021009012569,-6.205013651050528e-05,0.1,20.0,0.0,-0.0018118484392792844,0.2289984149423433
0.05,0.9989537803217308,1.0621633705456592,0.007715885565342279,6.0305546776162435,0.994392683799551,35.87792200806329,0.5166242827035558,8.14689401954481e-33,0.34131578947368424,0.025,1.0,5.360887615965034,0.0,0.1522252760062574,0.9952234607455569,0.4178012456272784,0.994392683799551,0.5774222151182785,0.0008307769460058623,0.1,20.0,0.0,-1.1777063723142802,0.3675805303893393
0.07,1.0212747989680344,1.0958937219574523,-0.09778810253505621,5.147091865165612,0.999770141810815,100.0,0.732333988887404,2.4233622579337437e-44,0.3052611367127496,0.035,1.0,5.856244207879222,0.0,0.1998546618728005,0.999859747545582,0.38880271743551664,0.999770141810815,0.6110570301100654,8.960573476701761e-05,0.07652250047505924,20.0,0.0,0.5471172219279277,0.36701973921381414
0.04,1.0000003461345541,1.0555815306987133,-0.0005164418878632927,5.035812771868083,0.9999255952380951,51.47347267762823,0.35301680032024196,7.562697656371173e-27,0.3716145833333333,0.02,1.0,5.032300352607961,0.0,0.10246778980030208,0.9999255952380951,0.5517403512664116,0.9999255952380951,0.44818524397168347,0.0,0.07652250047505924,20.0,0.0,0.06817174917037327,0.16955736452181158
0.01,1.0008180861137213,1.0060326685244176,-0.00727537926251931,3.389095978794875,0.9988215488215487,20.57024815671437,0.45930484271796085,5.13712997206174e-08,0.4143939393939394,0.005,1.0,3.234984396052696,0.0,0.13973307261490076,0.9990740740740741,0.0,0.9988215488215487,0.0,0.00025252525252539293,0.0,20.0,0.0,-0.17730289601404925,0.1709500437881063
0.038,1.0113338744602258,1.0524647845484751,-0.05281130431488679,4.29788112011491,0.9984391225337488,70.78422298459823,0.7304108807539489,1.2244003152371971e-25,0.3852719115877011,0.019,1.0,4.933049526267933,0.0,0.23411189690965725,0.9986057858721411,0.5231130942471287,0.9983589943286205,0.4754926916250124,0.00024679154352058585,0.1,20.0,0.0,0.7073434670755296,0.3045529275132536
0.1,1.0015783982851099,1.1086214744932805,-0.009395860243627794,7.239502995310664,0.999367201426025,70.81536256420797,0.5063352401102624,1.3031735625801302e-60,0.31305555555555553,0.05,1.0,6.470200072988364,0.0,0.13996055342129565,0.9990978411566647,0.5012924202602852,0.999367201426025,0.49780542089637947,-0.0002693602693603081,0.1,20.0,0.0,-1.2196197632890642,0.44273510833378676
0.01,1.0007947532282877,1.0156728266341721,-0.006910662154520852,3.116329964570132,0.9983164983164983,21.91345782928001,0.49777276862631425,5.13712997206174e-08,0.5055555555555555,0.005,1.0,3.140105229540116,0.0,0.19907628604719363,0.9983164983164983,0.7045058034552598,0.9986531986531987,0.29381069486123845,-0.0003367003367004129,0.1,20.0,0.0,-0.18855987180542222,0.17956938532086744
0.03,1.001989740656806,1.0335917894601718,-0.019107610141795184,4.60563569258326,0.999484004127967,50.115851732178875,0.415721910942272,9.774748221941258e-21,0.3629725085910652,0.015,1.0,4.765224279693705,0.0,0.11805269449070033,0.999484004127967,0.34130793081601474,0.999484004127967,0.6581760733119523,0.0,0.07652250047505924,20.0,0.0,-0.22863438744228048,0.21387998651061263
0.08,1.000336887239151,1.0908177020390524,-0.0038144685572431528,6.340454263225169,0.9997985360549496,74.40234391495858,0.2976603308545905,6.781181189465561e-50,0.30217391304347824,0.04,1.0,5.91081980828965,0.0,0.08449325739099232,0.9997178453424507,0.4964848712942051,0.9997985360549496,0.5032329740482455,-8.069071249894311e-05,0.1,20.0,0.0,0.021143293722450274,0.19797006104356352
0.1,1.027155735365736,1.1446684585962732,-0.13531872028310388,5.535755793426843,0.999967320261438,100.0,0.6470005788751964,1.2956383133287966e-60,0.30361111111111105,0.05,1.0,6.670858289550781,0.0,0.17451738164749786,0.99996632996633,0.42838454169171447,0.999967320261438,0.5715817882746155,-9.902951080276168e-07,0.07652250047505924,20.0,0.0,0.30369856738863055,0.37290184738088333
0.02,1.0001069582196311,1.021319882954694,-0.0008174216956541337,4.446558280624928,0.9891941930271417,13.59790136921388,0.48506187787435917,1.803793667150552e-14,0.3864795918367347,0.01,1.0,3.9880621824259697,0.0,0.15924431739908218,0.9876880716076979,0.3764143351602242,0.9883932610335492,0.6112737364474736,-0.0007051894258512936,0.1,20.0,0.0,-1.1591963352116985,0.3005048702960484
0.04,1.0110175816970692,1.046387371695674,-0.05361987917478772,4.51892378836087,1.0,81.80776904650676,0.7394664589859171,7.536724473824688e-27,0.3572916666666666,0.02,1.0,5.1414246913255095,0.0,0.2283819909873331,0.9999255952380951,0.6189894685518283,1.0,0.38093612668626675,-7.440476190490042e-05,0.07652250047505924,20.0,0.0,0.6327906466965687,0.31350770662629046
0.03,1.0021952413940933,1.0327491003987619,-0.020583009239451555,4.545197967907332,0.9992795168749762,50.38561363072416,0.4273529325625895,9.774748221941258e-21,0.33969072164948455,0.015,1.0,4.5864568003745445,0.0,0.1227612913107615,0.9993820790174418,0.5327738830422674,0.9992795168749762,0.46660819597517444,0.00010256214246562312,0.07652250047505924,20.0,0.0,-0.11704781544432485,0.213289880899127
0.1,1.000515362257538,1.1184552707473683,-0.00944826169889644,6.5478780403405095,0.9997306397306397,91.76730854687514,0.2930412754065634,1.3031735625801302e-60,0.3666666666666667,0.05,1.0,6.539601758107373,0.0,0.09357263050898551,0.9996306199247376,0.44375666328312974,0.9997306397306397,0.5558739566416078,-0.00010001980590212955,0.1,20.0,0.0,-0.33505543054727127,0.2722078191761352
0.05,1.002860033357258,1.0545252929628304,-0.028905708319261425,5.07925974252031,0.9997523866792255,74.01827283880203,0.39634708040104466,8.14689401954481e-33,0.3455263157894737,0.025,1.0,5.504174972465639,0.0,0.11050639515350419,0.9997523866792255,0.5325052774490603,0.9997523866792255,0.4672471092301652,0.0,0.1,20.0,0.0,-0.2233830480706125,0.23881381828004644
0.04,1.0005637090958965,1.0351672404425427,-0.003872411823449072,5.8225773848875,0.9974816849816849,26.71922654261039,0.49029018884269215,7.562697656371173e-27,0.3229166666666667,0.02,1.0,5.088395050578649,0.0,0.13290126705502597,0.9975618131868131,0.6034873791732074,0.9974015567765567,0.39407443401360576,0.0001602564102564097,0.1,20.0,0.0,-1.1563324107191553,0.3444758577218999
0.05,0.9994929334620923,1.0572650995065749,0.00589989537662787,5.471909194252923,0.9996828004851265,58.36416920114006,0.33820775895246374,8.146890516261702e-33,0.34631578947368424,0.025,1.0,5.620550265787117,0.0,0.1036022960879102,0.9996207503486162,0.39031339377133767,0.9996828004851265,0.6093073565772785,-6.205013651028324e-05,0.1,20.0,0.0,-0.1334418175162404,0.19261405337498885
0.045,1.0125270167988152,1.0375918315169053,-0.059229586923314814,4.512613441607361,0.9985357807088451,86.27677995344696,0.7338434307353294,7.493487289069307e-30,0.34557882489819663,0.022476439790575915,1.0,5.248382494231498,0.0,0.2103873788088375,0.9986047856574857,0.5194673587553655,0.9984658995068885,0.47913742690212013,0.0001388861505972061,0.1,20.0,0.0,0.2928849172718273,0.3134704218635038
0.01,1.0006318815656565,1.0171387251060577,-0.0061014756832926675,3.4471966394552402,0.9982323232323232,21.564040532586265,0.4907199527125937,5.13712997206174e-08,0.38762626262626265,0.005,1.0,3.2679229272358397,0.0,0.1342128120723261,0.9982323232323232,0.4649929849973929,0.9982323232323232,0.5332393382349303,0.0,0.07652250047505924,20.0,0.0,-0.161566999651384,0.16452243666666738
0.03,0.9998236155575092,1.037887893186817,0.0008861535141475633,5.178060070074644,0.9973184140452802,19.996922836918575,0.4811717760522445,9.774748221941258e-21,0.3968213058419244,0.015,1.0,4.551255542579135,0.0,0.1663632999096251,0.9974212947037163,0.5388135050373376,0.9973184140452802,0.4586077896663787,0.00010288065843611083,0.1,20.0,0.0,-1.1412360745345114,0.3411267528678451
0.039,1.0120026157248185,1.0574981890130009,-0.054386941549008805,4.394022175259509,0.9976003973959582,71.56671741042854,0.7359529104470287,3.032351962217795e-26,0.3635836068198191,0.019479708636836627,1.0,4.979982197848639,0.0,0.22763038367412267,0.9968003634475596,0.4957760847645405,0.9976003973959582,0.5010242786830191,-0.0008000339483985597,0.1,20.0,0.0,0.7010401972840512,0.1573412718093633
0.02,1.0002258083999271,1.0332952923403804,-0.001507077699057717,4.373983957046528,0.9883974302277898,14.71361922240929,0.5055054418028861,1.803793667150552e-14,0.39413265306122447,0.01,1.0,4.128793294719318,0.0,0.15838158968467628,0.9883727128619345,0.556416119957433,0.987959218133136,0.4319565929045015,0.00041349472879848026,0.1,20.0,0.0,-1.16821891695081,0.3144607679411014
0.01,0.9999176016726616,1.0096756630152426,0.0013581374777189709,3.558869740590492,1.0,17.241613921219006,0.3935106007217628,5.137129500378622e-08,0.4585858585858586,0.005,1.0,3.197695760674225,0.0,0.1348721025381489,1.0,0.44503367003367006,1.0,0.5549663299663299,0.0,0.06360256962075364,20.0,0.0,0.08693450039204276,0.13016973874988172
0.09,1.0072301750242132,1.1036315568701398,-0.06803046471812357,6.066303896023869,0.9993408990021809,100.0,0.3375361089224301,2.551128608900068e-55,0.32393162393162395,0.045,1.0,6.281338738037434,0.0,0.09496175144231196,0.9990850510489645,0.4511264513046718,0.9993408990021809,0.5479585997442926,-0.00025584795321642595,0.1,20.0,0.0,-0.0834691164356749,0.2818958985389365
0.08,1.008456031582878,1.1012238198005553,-0.07319678737894564,5.713922456323606,0.9998390128292977,100.0,0.36560774921579536,6.781181189465561e-50,0.30434782608695654,0.04,1.0,6.080565136377614,0.0,0.09916943923515384,0.9997987988911466,0.5521942401629546,0.9998390128292977,0.44760455872819205,-4.0213938151012485e-05,0.1,20.0,0.0,0.09932654821920339,0.251634796097221
0.03,1.000311604162327,1.0338384983393545,-0.003462174914763607,4.569150026973126,0.9996904024767801,42.52160793017618,0.380606205373435,9.774745635978272e-21,0.3811855670103093,0.015,1.0,4.425105478689165,0.0,0.10526663888835713,0.9997936016511867,0.5996618215485633,0.9996904024767801,0.4001317801026234,0.00010319917440659854,0.07652250047505924,20.0,0.0,0.014151190895496324,0.16335092565994064
0.045,1.012496162660126,1.0724835239012087,-0.06063727765595295,4.483656415676742,0.9986058809741308,86.53335961830017,0.7455183452594331,7.493487289069307e-30,0.3294648051192554,0.022476439790575915,1.0,5.245313862251311,0.0,0.210775953203572,0.9967173360146685,0.5410015825760784,0.9986058809741308,0.45571575343859005,-0.001888544959462335,0.1,20.0,0.0,0.7465709297782057,0.32930396987016364
0.01,1.0000022175995344,1.0057850338464276,-0.00024376767325751808,3.240962035761498,0.9862794612794613,7.642057634604037,0.49360022641032975,5.13712997206174e-08,0.4017676767676768,0.005,1.0,3.1858694708291226,0.0,0.15997907026675678,0.9853535353535353,0.6646590915921481,0.9857744107744107,0.3206944437613872,-0.00042087542087543284,0.1,20.0,0.0,-1.1880287716089974,0.2910364130811009
0.07,1.017527695452917,1.0663858508213007,-0.09158307742276617,4.800210564388694,0.9999551971326165,100.0,0.7070257834497788,2.4383238621435296e-44,0.3318740399385561,0.035,1.0,6.070923460579822,0.0,0.18430653761859186,0.9999551971326165,0.489207928219675,0.9999551971326165,0.5107472689129415,0.0,0.07652250047505924,20.0,0.0,0.7414336199956155,0.3382107690384717
0.04,1.003531739188949,1.045432598347187,-0.03052192847489721,4.914083215299196,0.9999198717948717,63.14624938715609,0.4287483561486546,7.562697656371173e-27,0.34869791666666666,0.02,1.0,5.027563538803722,0.0,0.12363098026033208,0.9999198717948717,0.5065071786359209,0.9999198717948717,0.49341269315895087,0.0,0.07652250047505924,20.0,0.0,-0.11004588245583058,0.22076887160537073
0.05,1.0005402549479756,1.0568743764691515,-0.006689320863019967,5.3817205465969336,0.9995656490444279,57.83521087773644,0.32717811404862407,8.14689401954481e-33,0.35026315789473683,0.025,1.0,5.4539255262030295,0.0,0.09324011190911098,0.9995041861331843,0.49713853036376615,0.9995656490444279,0.502365655769418,-6.146291124364822e-05,0.1,20.0,0.0,-0.0010506086943107285,0.17337627475594122
0.01,0.9999599172200239,1.0096730716134488,-5.0150174128529845e-06,3.0635829868363467,0.985016835016835,7.360443904414224,0.4966817993013783,5.13712997206174e-08,0.4242424242424242,0.005,1.0,2.9564851704238455,0.0,0.17920783032260096,0.9843434343434344,0.34003727310687,0.985016835016835,0.6443061612365644,-0.0006734006734006037,0.1,20.0,0.0,-1.1815538168211308,0.28830956479945696
0.04,0.9989144395135328,1.0451847304294384,0.007656468711351144,5.480606389386786,0.9909168956043956,26.470904397055506,0.4935753325025903,7.562697656371173e-27,0.334375,0.02,1.0,4.975115731244826,0.0,0.1555288971690511,0.990378891941392,0.603113559658371,0.9909111721611721,0.38726533228302096,-0.0005322802197801346,0.1,20.0,0.0,-1.1545603629792174,0.34970113351602405
0.037,1.0120406086660634,1.0446060844295757,-0.0516435246785929,4.528842416293535,0.9990747397289453,71.61105060836033,0.7336557653670963,4.960254376348801e-25,0.34575931071258176,0.01848078920041537,1.0,4.834570371842527,0.0,0.20754852252964262,0.9980230050323509,0.4916195576955171,0.9990747397289453,0.5064034473368337,-0.0010517346965944752,0.1,20.0,0.0,0.35586881069528564,0.3279800589781037
0.07,0.9996255660782629,1.108872973755204,0.0088464514305511,5.896203835975776,0.9999084463144771,70.50484608276754,0.3019281227740539,2.4514687394297797e-44,0.3276881720430107,0.035,1.0,5.87109547494462,0.0,0.08803385145444527,0.999719495091164,0.49382471237660575,0.9999084463144771,0.5058947827145582,-0.000188951223313083,0.07652250047505924,20.0,0.0,0.056028553873678444,0.19639261393207869
0.06,1.0206668586689729,1.122639981100299,-0.086704975832671,5.067446326118541,0.9997871770347911,100.0,0.7288388913706495,1.200580618362514e-38,0.3049645390070922,0.03,1.0,5.631439074504805,0.0,0.19212499294185403,0.9997340984785278,0.5168255411342121,0.9997871770347911,0.4829085573443157,-5.3078556263352894e-05,0.1,20.0,0.0,0.40032166354429277,0.17477269346361263
0.05,1.0000853687478781,1.0630258762476088,-0.0027129507553061843,5.506533309611581,0.9998685594111462,54.44486095598631,0.3207842516101793,8.146890516261702e-33,0.33368421052631586,0.025,1.0,5.334143207507215,0.0,0.09058987395476349,0.9998685594111462,0.4006910467278584,0.9998685594111462,0.5991775126832878,0.0,0.07652250047505924,20.0,0.0,0.10096838691467802,0.1876649756357466
0.1,1.0057996644176386,1.151742225641165,-0.0695795632820786,6.130240279924092,0.9997999603881956,100.0,0.3541239913004008,1.3031735625801302e-60,0.32277777777777783,0.05,1.0,6.600862863665908,0.0,0.09651707913621488,0.9997662903545258,0.44214685937035364,0.9997999603881956,0.5576194309841722,-3.3670033669830346e-05,0.1,20.0,0.0,0.2415273868930221,0.27537211536586953
0.034,1.008327696180935,1.0354154657891295,-0.042285455014102746,4.2082510440641485,0.9955768868812348,67.20650127649557,0.7350544754542022,3.3647487859217725e-23,0.35810193642674465,0.017,1.0,4.833852057863898,0.0,0.20497074142939536,0.9963689691950561,0.4978160354938403,0.9955768868812348,0.49855293370121584,0.0007920823138213295,0.1,20.0,0.0,0.28930766749700343,0.2936929738295646
0.1,0.9941803426052256,1.1331527607751928,0.04272182678246211,7.143660631123858,0.9990968508615566,73.26232191410938,0.5124006417144147,1.3031735625801302e-60,0.3227777777777778,0.05,1.0,6.54222147543717,0.0,0.14741050739404293,0.9987215290156467,0.4402500517434682,0.9990968508615566,0.5584714772721785,-0.0003753218459099372,0.1,20.0,0.0,-1.223397794999873,0.46861049218858086
0.01,1.0001023686175434,1.0065989538772482,-0.0019497922432218373,3.385085809400946,0.9996632996632996,18.841689508074055,0.4089474577128597,5.13712997206174e-08,0.4681818181818182,0.005,1.0,3.0517446027885073,0.0,0.13881205852607,0.9996632996632996,0.43349933272746627,0.9996632996632996,0.5661639669358334,0.0,0.07652250047505924,20.0,0.0,0.10947831679134312,0.1268525001438457
0.02,1.0001604227828047,1.0213845076530876,-0.0024944483856780275,4.557293236142087,1.0,24.07548104818899,0.33864906002816586,1.803793667150552e-14,0.3943877551020408,0.01,1.0,4.200190499019592,0.0,0.1015885491373802,1.0,0.5805973528053568,1.0,0.41940264719464315,0.0,0.06360256962075364,20.0,0.0,0.11666489135538072,0.14431842608653653
0.05,1.0037733466927745,1.0545839046971328,-0.03327151558848829,5.169988594595125,0.9999381456052453,72.5980501367772,0.39564938055704046,8.14689401954481e-33,0.35289473684210526,0.025,1.0,5.325016947073646,0.0,0.11413442103060675,0.9997525824209811,0.45705654623540587,0.9999381456052453,0.5426960361855753,-0.0001855631842642147,0.07652250047505924,20.0,0.0,-0.33143808916108775,0.24764181590255965
0.05,1.0142860999735508,1.0956924176479677,-0.06857169625446491,4.872979584727286,1.0,97.90959686444121,0.7237557391332694,8.117392372950082e-33,0.36289473684210527,0.025,1.0,5.301227813375818,0.0,0.21622837630887806,0.9998758997269794,0.4556589695333793,1.0,0.5442169301936002,-0.00012410027302056648,0.07652250047505924,20.0,0.0,0.8133555873509812,0.3332720044541982
0.04,0.9991627690116784,1.042352669575994,0.003747989978204521,5.819421221563561,0.9986492673992675,27.206323006128045,0.5054165687508307,7.562697656371173e-27,0.34036458333333336,0.02,1.0,5.117486739886451,0.0,0.1418804201238359,0.9988839285714285,0.5644222780439044,0.9986492673992675,0.43446165052752406,0.00023466117216097704,0.1,20.0,0.0,-1.2114423213886196,0.3753389902747862
0.03,1.0025787364263163,1.0519299066817664,-0.023244433783343066,4.376754459971822,0.9989683267719043,50.89010087148717,0.4069315759567886,9.774748221941258e-21,0.3532646048109966,0.015,1.0,4.644668565363282,0.0,0.11235775398452871,0.9989683267719043,0.4419469443375756,0.9989683267719043,0.5570213824343286,0.0,0.1,20.0,0.0,0.029171702034530345,0.20068837988870317
0.07,0.9991384543544242,1.114223164685322,0.009344815783334365,6.13778352104937,0.9994896369019791,60.810545005708896,0.2943039108833012,2.4514687394297797e-44,0.3220814132104455,0.035,1.0,5.835048113676723,0.0,0.08480607352928335,0.9993961352657005,0.49458401988622763,0.9995344397693627,0.5048121153794729,-0.00013830450366225655,0.1,20.0,0.0,0.030442264306163924,0.19639261393207869
0.07,0.9995825667469003,1.082630550623399,0.0029409589032627637,6.567854440751649,0.998502025868786,52.01724677593758,0.5118308263704596,2.4514687394297797e-44,0.3395161290322581,0.035,1.0,5.829126671225316,0.0,0.16092781208000517,0.9979916627707651,0.5781786978230263,0.9984572230014025,0.4198129649477388,-0.00046556023063737406,0.1,20.0,0.0,-1.2192107379250265,0.41426165057617725
0.08,1.0217294703578226,1.0808766710698918,-0.10962517544334638,4.838663529514285,0.9999582393719201,100.0,0.7081501735176963,6.751743100056995e-50,0.3313858695652174,0.04,1.0,6.19773500944394,0.0,0.18807574980085684,0.9999582393719201,0.48474417354690685,0.9999582393719201,0.5152140658250133,0.0,0.07652250047505924,20.0,0.0,0.7694917245139425,0.3423719840870164
0.03,1.0023407123186558,1.0369197849461387,-0.021792791206991846,4.49645752533812,0.999587521818344,49.55939282991938,0.4102000854734801,9.774748221941258e-21,0.36907216494845363,0.015,1.0,4.686150541798015,0.0,0.12568783782726678,0.9994843226439375,0.543607131963573,0.9996907209927506,0.4558771906803645,-0.00020639834881308605,0.1,20.0,0.0,-0.1451073512137655,0.20575759704964747
0.06,1.0004851124430003,1.0657330793349553,-0.007491729649376971,5.703563603341441,0.9996811895023164,65.61787566660297,0.32933009533483587,1.2081619661635278e-38,0.3191489361702127,0.03,1.0,5.625129602749164,0.0,0.08705466645771939,0.9996279413660011,0.5193690554755168,0.9996811895023164,0.48025888589048427,-5.3248136315353634e-05,0.1,20.0,0.0,-0.08509276442758784,0.21095264578025294
0.04,1.0033981859377366,1.039327681260377,-0.02918415996890411,4.971060872301243,0.9995993589743589,61.10593225274492,0.40046846947779896,7.562697656371173e-27,0.31927083333333334,0.02,1.0,5.049733054607822,0.0,0.10938789187276955,0.9995993589743589,0.45723482934407106,0.9995993589743589,0.5423645296302879,0.0,0.07652250047505924,20.0,0.0,-0.37391957904452644,0.24534221847231397
0.04,0.999768662286259,1.0471367311857085,0.0011344483559477788,5.617256112534423,0.9928800366300367,27.499875075644,0.5025612338013072,7.562697656371173e-27,0.3260416666666666,0.02,1.0,4.964279908161819,0.0,0.1447874378470044,0.9923248626373625,0.4963030566642257,0.9928857600732601,0.49602180597313683,-0.0005608974358976004,0.1,20.0,0.0,-1.1513937296248975,0.3638505628269133
0.1,1.030976777865482,1.159868460786536,-0.14318467371006416,5.334009703868009,0.9998356110120815,100.0,0.6445583566681521,1.296855386984051e-60,0.2980555555555556,0.05,1.0,6.42341310592488,0.0,0.17166417101975479,0.9997672806496336,0.4732367621146499,0.9998356110120815,0.5265305185349838,-6.833036244791035e-05,0.07652250047505924,20.0,0.0,0.6021259676994064,0.19596889165741982
0.01,1.0000253398219092,1.0120971988887144,-1.926923325525076e-05,3.4112636472740694,0.9987373737373737,20.093944906578603,0.4478785566804723,5.137129500378622e-08,0.4441919191919192,0.005,1.0,2.9020939439926003,0.0,0.13457966960910986,0.998989898989899,0.4341238261325211,0.9987373737373737,0.5648660728573779,0.0002525252525252819,0.1,20.0,0.0,-0.052995909686978315,0.14249003465523402
0.07,1.0190593137149562,1.089536142862506,-0.09288213984408134,4.873467527442637,1.0,100.0,0.6984675131287945,2.4443260432639197e-44,0.33314132104454686,0.035,1.0,5.936323490491256,0.0,0.20297476172883192,1.0,0.5515051940426948,1.0,0.4484948059573052,0.0,0.06360256962075364,20.0,0.0,0.39938009807926234,0.3532672514171147
0.03,0.9995355207666676,1.0524930499943994,0.0023381363200555916,5.0237302691609225,0.9894800545299341,21.06948422951389,0.505184741530617,9.774748221941258e-21,0.3531786941580756,0.015,1.0,4.3228371941431,0.0,0.15622849565007985,0.9895826166723999,0.49148923992673993,0.9895829351883704,0.49809337674565995,-3.185159704877094e-07,0.1,20.0,0.0,-1.1936786194207467,0.33290450213325945
0.06,0.9994588806647565,1.0775418035905548,0.0029170256091086695,6.4833942428185525,0.9981403851502141,39.98302202091413,0.49351172610581684,1.2081619661635278e-38,0.3268617021276595,0.03,1.0,5.651165807693931,0.0,0.1410078844245465,0.9983533776954748,0.4769353462866705,0.9981403851502141,0.5214180314088044,0.0002129925452607484,0.1,20.0,0.0,-1.2080429234807815,0.40035388174182757
0.05,1.0153492774766273,1.067379536862798,-0.06960253622338497,4.551895580422647,0.9998685594111462,100.0,0.7003237312689301,8.135425117806844e-33,0.3260526315789473,0.025,1.0,5.392636298343191,0.0,0.1774806736264738,0.9998028391167192,0.38554955087148574,0.9998685594111462,0.6142532882452334,-6.572029442697414e-05,0.07652250047505924,20.0,0.0,0.5336180726001989,0.34318237283305214
0.01,1.0006041777161718,1.0093753827140943,-0.005790283944841046,3.2240868004566865,1.0,25.091384666500105,0.5281471241341033,5.13712997206174e-08,0.45,0.005,1.0,2.674417693574389,0.0,0.15797006783161924,0.9996632996632996,0.5352187504048403,1.0,0.46444454925845924,-0.0003367003367004129,0.07652250047505924,20.0,0.0,-0.29101484901192665,0.17810362324908488
0.06,0.9995727795254249,1.059177943149659,0.006479777566841323,5.90285607035928,0.9995211059332668,60.30868426890932,0.3015886546337283,1.2081619661635278e-38,0.3148936170212766,0.03,1.0,5.505628819335013,0.0,0.08179663892861495,0.9995743540695822,0.5426211356553873,0.9995211059332668,0.4569532184141949,5.3248136315353634e-05,0.1,20.0,0.0,-0.01766350781053294,0.20260371081602438
0.09,1.007806740925692,1.161525413678285,-0.07305854145590773,5.9712864407974635,0.9999633296662999,100.0,0.3518004355927564,2.551128608900068e-55,0.3172161172161172,0.045,1.0,6.418884717254312,0.0,0.09178103823817937,0.9998902302510952,0.5015599403330536,0.9999633296662999,0.4983302899180416,-7.309941520461383e-05,0.1,20.0,0.0,0.06507499656116211,0.25569276500143234
0.04,0.9997096060477094,1.0469497492501691,0.003835811805916585,5.012474671553152,0.9989812271062272,48.717185038022386,0.32871561778715447,7.562697656371173e-27,0.33177083333333335,0.02,1.0,4.828654779797713,0.0,0.09703686287126807,0.9989812271062272,0.571054606879089,0.9989812271062272,0.4279266202271381,0.0,0.1,20.0,0.0,0.2514978227961624,0.1446483739531164
0.07,1.000848347767683,1.1169411643849438,-0.005838351869637395,6.840413523444537,0.9989383668380863,47.06466776472732,0.49525659789740645,2.4514687394297797e-44,0.31163594470046085,0.035,1.0,5.8619082419150175,0.0,0.13775980233384735,0.9987942184821567,0.5115622041811685,0.9989383668380863,0.48723201430098817,-0.00014414835592968522,0.1,20.0,0.0,-1.212028849854434,0.40413876881016325
0.08,1.0238354034707178,1.1486883189148491,-0.11251437116261731,5.003498775819115,0.9998329574876806,100.0,0.7126725920433035,6.717516310101138e-50,0.3335597826086957,0.04,1.0,6.083808187238317,0.0,0.20113541640297067,0.9997927435495296,0.5284907181283227,0.9998329574876806,0.4713020254212069,-4.0213938151012485e-05,0.1,20.0,0.0,0.6246338895341816,0.37260107467971815
0.01,0.9998951581897217,1.0065471331984726,0.0008795242543106936,3.3820050976834493,0.9936868686868686,19.184848919393666,0.40858634031196617,5.13712997206174e-08,0.48308080808080806,0.005,1.0,3.022705703884785,0.0,0.13258264794584504,0.993939393939394,0.7435986867421546,0.9941919191919192,0.25034070719723944,-0.0002525252525251709,0.07652250047505924,20.0,0.0,-0.195493374349053,0.13241597059246532
0.03,1.0023549948427577,1.0424271105616982,-0.020449110360633904,4.519445263124149,0.9998971193415637,53.267333425333454,0.43333454748890426,9.774748221941258e-21,0.3859965635738832,0.015,1.0,4.365748774727204,0.0,0.12679812533128446,0.9998971193415637,0.4867498441070642,0.9998971193415637,0.5131472752344994,0.0,0.07652250047505924,20.0,0.0,-0.2862695170697185,0.21094498342139784
0.08,1.0211606696898479,1.1240092852454935,-0.10689934665980583,5.1233939778344375,0.999959786061849,100.0,0.6830520379509007,6.756632484380144e-50,0.3135869565217392,0.04,1.0,6.1486450516597575,0.0,0.19471501346458328,0.999959786061849,0.5043365538915906,0.999959786061849,0.4956232321702584,0.0,0.07652250047505924,20.0,0.0,0.521865815004801,0.3682359268891318
0.06,1.000653707389569,1.0532786965956968,-0.0037407443281863365,6.409869309372968,0.998829049741221,40.7251179708612,0.4988533124207278,1.2081619661635278e-38,0.3483156028368794,0.03,1.0,5.640676162753517,0.0,0.154712323125678,0.9986698140724309,0.482549374228259,0.998829049741221,0.5161204398441719,-0.00015923566879005868,0.1,20.0,0.0,-1.2487590411708729,0.4053755655364544
0.04,1.0033911484278364,1.058192622832403,-0.031004965072519153,4.980391031672496,0.999404761904762,60.921865480451906,0.40116558177320805,7.562697656371173e-27,0.37421875,0.02,1.0,4.981795373702263,0.0,0.11346193050589555,0.9993990384615384,0.514915293040293,0.999404761904762,0.4844837454212454,-5.723443223581981e-06,0.1,20.0,0.0,0.04067644992321018,0.20937263326549607
0.07,1.0200956469256195,1.1302204024201707,-0.09592125542718288,5.19663947881499,0.9999532491818607,100.0,0.7116825725823553,2.4383238621435296e-44,0.31482334869431644,0.035,1.0,5.895356995395569,0.0,0.1976516732384475,0.9999084463144773,0.5171693756421148,0.9999532491818607,0.48273907067236244,-4.480286738339778e-05,0.1,20.0,0.0,0.524426894106635,0.3461380052794425
0.08,1.0011471310400288,1.1096249347464107,-0.00653869856528294,7.087610458238239,0.9991400100722875,54.958597012425706,0.49215960583100726,6.781181189465561e-50,0.33152173913043476,0.04,1.0,6.137119416748549,0.0,0.14951741103953908,0.9989701370163072,0.442169781250106,0.9991400100722875,0.5568003557662012,-0.00016987305598026303,0.1,20.0,0.0,-1.2171969359428692,0.4114230576902744
0.04,0.9999978637134054,1.0784708455564953,-0.0005753198319986517,5.018232246350404,0.9988553113553112,50.18713236376366,0.3484965654933049,7.562697656371173e-27,0.3359375,0.02,1.0,5.048336875405012,0.0,0.0936771625434742,0.9979910714285714,0.5326148170663559,0.9988553113553112,0.4653762543622154,-0.0008642399267398959,0.1,20.0,0.0,0.10398095086088643,0.17967853871086825
0.1,1.0071388833884196,1.1331689448473643,-0.07571588071156088,6.188247048034986,0.9999336502277679,100.0,0.3405682577961624,1.3031735625801302e-60,0.31305555555555553,0.05,1.0,6.512332827207467,0.0,0.09518498970348038,0.9999009704892058,0.49695560866010857,0.9999336502277679,0.5029453618290972,-3.2679738562135796e-05,0.1,20.0,0.0,0.17108123577395773,0.26214418474757917
0.01,0.9999477416685024,1.0074670012953917,0.0007711121463131951,3.525877875502533,1.0,17.215092888024955,0.4090559852489998,5.137129028695551e-08,0.4414141414141414,0.005,1.0,3.0910250192075086,0.0,0.11268545445618414,1.0,0.6257832512607712,1.0,0.37421674873922883,0.0,0.06360256962075364,20.0,0.0,-0.04329532520896162,0.13054215391817228
0.01,0.9999971856656412,1.0078712580759064,0.00013776351564928624,3.1355866810916355,0.9662457912457912,7.905312460301366,0.5081199394602918,5.13712997206174e-08,0.48838383838383836,0.005,1.0,3.058904141807697,0.0,0.2132116113190957,0.9654040404040405,0.2849391486920326,0.9660774410774411,0.680464891712008,-0.0006734006734006037,0.1,20.0,0.0,-1.2394907602365535,0.2829777242155972
0.08,0.9995357067539289,1.1421140548639752,0.006217916920296586,6.264296857648019,0.999426936217722,72.3841334047448,0.29486343048011404,6.781181189465561e-50,0.31345108695652174,0.04,1.0,6.020170619391115,0.0,0.07563085261755186,0.999426936217722,0.5294858707623885,0.999426936217722,0.46994106545533354,0.0,0.1,20.0,0.0,0.005672214492181027,0.21140927962788764
0.04,0.9997562922340445,1.032356684636905,0.0022289320588736172,5.6211566767321415,0.9941334706959707,28.89145408074483,0.5088678023261431,7.562697656371173e-27,0.35703124999999997,0.02,1.0,5.012069945499253,0.0,0.1709183066043973,0.9943681318681318,0.5380987478325213,0.9941334706959707,0.45626938403561046,0.00023466117216108806,0.1,20.0,0.0,-1.2050101717558606,0.3812986342582158
0.07,1.020054013595163,1.1022186228657882,-0.09558189947967355,4.760023827205882,0.9994389901823282,100.0,0.694012548698846,2.4449948040114217e-44,0.34984639016897084,0.035,1.0,5.721738493591471,0.0,0.20026656077222782,0.9994389901823282,0.5376001000270817,0.9994389901823282,0.4618388901552465,0.0,0.1,20.0,0.0,0.44887943424085774,0.3616484232174387
0.04,1.0026164099067103,1.0424112171917137,-0.027009080608824232,5.012022306103855,0.9998511904761905,56.959099290973754,0.3937455030399596,7.562697656371173e-27,0.34140625,0.02,1.0,5.141310564995015,0.0,0.10736020130949171,0.9998511904761905,0.5362549172152555,0.9998511904761905,0.463596273260935,0.0,0.07652250047505924,20.0,0.0,0.14416371012588147,0.20244640469164452
0.09,0.9999831560419803,1.1224529689246083,-0.0029974017000790887,6.301983584575932,0.9997433076640997,85.29080405200631,0.29222651513617337,2.551128608900068e-55,0.31755189255189253,0.045,1.0,6.2886931744670935,0.0,0.07935850463082492,0.9997433076640997,0.510730849390164,0.9997433076640997,0.4890124582739357,0.0,0.1,20.0,0.0,-0.12299898640134055,0.22689777538302855
0.07,1.005087490460817,1.0852354228834125,-0.04455345591893173,5.476931376831261,0.9999064983637215,100.0,0.3937132840383856,2.4514687394297797e-44,0.3450076804915515,0.035,1.0,5.8076782205335125,0.0,0.11565916506062905,0.9999064983637215,0.5338407041203557,0.9999064983637215,0.4660657942433658,0.0,0.07652250047505924,20.0,0.0,-0.505766166585571,0.29997657133220795
0.01,0.9997372692468778,1.0047289774127741,0.0015837114170802122,2.946810599967195,0.964057239057239,7.128773122059256,0.49606265517101555,5.13712997206174e-08,0.4,0.005,1.0,3.3094998626784413,0.0,0.16416026956754964,0.9624579124579125,0.46750247495571146,0.964057239057239,0.494955437502201,-0.0015993265993264894,0.07652250047505924,20.0,0.0,-1.176649114715074,0.27443060788725265
0.1,1.027898621241859,1.1344043888682995,-0.14145912464558785,5.320636176132846,0.9996662705486234,100.0,0.6484589081767986,1.298883533504488e-60,0.31277777777777777,0.05,1.0,6.521455965178456,0.0,0.16789475233224194,0.9996326005149534,0.4711328742365106,0.9996662705486234,0.5284997262784428,-3.367003367005239e-05,0.1,20.0,0.0,0.9319038371475163,0.3579512543018871
0.07,1.0216096019206178,1.1060738046143928,-0.09904643124320756,4.924758277242116,0.9999064983637215,100.0,0.7305517593150378,2.433734691120566e-44,0.3199308755760369,0.035,1.0,5.904518841626482,0.0,0.19638408384186212,0.9997662459093034,0.5096130430400617,0.9999064983637215,0.4901532028692417,-0.0001402524544180661,0.07652250047505924,20.0,0.0,0.6021524805885234,0.3691980705919694
0.05,0.9992826964976165,1.0597396770072327,0.004029745836665688,6.342486974462538,0.9979427541491379,33.579760638810384,0.49177372475989445,8.14689401954481e-33,0.3468421052631579,0.025,1.0,5.354515585543317,0.0,0.13125725282023887,0.9974436616079166,0.573042153454054,0.9980046085438928,0.4244015081538627,-0.000560946935976192,0.1,20.0,0.0,-1.2584692553654098,0.3896950108343412
0.06,1.0001603299363075,1.0863413167562517,-0.003291750653595431,5.696005156554553,0.998778175725633,66.13342093155103,0.3130524439737504,1.2081619661635278e-38,0.3526595744680851,0.03,1.0,5.570420630823107,0.0,0.0978874681582137,0.998724588429214,0.48912890928613145,0.998778175725633,0.5095956791430825,-5.3587296419022046e-05,0.1,20.0,0.0,-0.09145330471213864,0.20734214680440644
0.04,1.003183932427939,1.0372521821354674,-0.030883532507700817,4.99452419814288,0.9994505494505495,61.22028276354451,0.3986753820880917,7.562697656371173e-27,0.33541666666666664,0.02,1.0,4.965485287797718,0.0,0.11088626512868296,0.9994505494505495,0.5000486031454038,0.9994505494505495,0.49940194630514567,0.0,0.1,20.0,0.0,0.20792474637465208,0.2105468590820994
0.07,0.9998688622301135,1.0931044253297308,-0.0007170693093570685,5.90672343789668,0.9999532491818607,73.53301185651927,0.3083545658427796,2.4514687394297797e-44,0.31248079877112134,0.035,1.0,5.852871644864911,0.0,0.08560579421256015,0.9998188405797102,0.5384944576121047,0.9999532491818607,0.4613243829676055,-0.0001344086021505264,0.1,20.0,0.0,-0.11756204012589055,0.19932468246827006
0.039,1.011246407179724,1.0422953080616906,-0.053823137932428766,4.209675929994915,0.9975205188114066,82.82708078903566,0.7519502216530966,3.032351962217795e-26,0.3590544037994611,0.019479708636836627,1.0,5.135544570475736,0.0,0.21686998123166307,0.9980801681444205,0.586388358912099,0.9975205188114066,0.4116918092323215,0.0005596493330138896,0.1,20.0,0.0,0.832162057355406,0.3112505200760487
0.06,1.0154573037984822,1.0929044259160705,-0.07665143185455925,5.006679446505863,0.9998402555910543,100.0,0.7109872089034451,1.2041354249739458e-38,0.32845744680851063,0.03,1.0,5.875880373779174,0.0,0.19892510421032716,0.9997337593184238,0.5749876972318918,0.9998402555910543,0.424746062086532,-0.00010649627263048522,0.07652250047505924,20.0,0.0,0.3240130213227026,0.35065096750209546
0.09,0.9977480290860782,1.0747987222039808,0.015358072587446085,7.141945794215437,0.9992317323837647,59.92381012258115,0.4852964439171643,2.551128608900068e-55,0.33257020757020755,0.045,1.0,6.331823889658359,0.0,0.14769073831184873,0.9991218420087623,0.5053744692972618,0.9992317323837647,0.4937473727115005,-0.00010989037500241938,0.1,20.0,0.0,-1.1833582550768273,0.4442596099286379
0.01,1.0008611452699596,1.0132323382742972,-0.00768850017462408,3.3999161735088594,0.9987373737373737,20.154773695394532,0.45696627308744275,5.13712997206174e-08,0.4623737373737374,0.005,1.0,2.684994214096349,0.0,0.15415183000885813,0.9984006734006735,0.38981424589711394,0.9987373737373737,0.6085864275035595,-0.00033670033670019084,0.07652250047505924,20.0,0.0,0.04014016916783625,0.1704831763120336
0.1,1.0022352976607738,1.1352087293568507,-0.01563439500861681,7.234934980727968,1.0,72.83375407080263,0.5057119452492337,1.3031735625801302e-60,0.3255555555555556,0.05,1.0,6.432126437972022,0.0,0.13926636992928296,1.0,0.44594140403173116,1.0,0.5540585959682689,0.0,0.06360256962075364,20.0,0.0,-1.2320040889061472,0.44970328173301305
0.09,1.0007367956618365,1.103407139173459,-0.0076337468606520326,6.244191771685292,0.9995599559955995,88.31447009838239,0.2883428837187159,2.551128608900068e-55,0.3217948717948718,0.045,1.0,6.232741972854711,0.0,0.08610067551109811,0.9993035049118948,0.47605170881880526,0.9995599559955995,0.5232517960930896,-0.0002564510837047562,0.1,20.0,0.0,0.024126790216466354,0.21508903509697938
0.06,1.0027284815627915,1.0696431105060569,-0.024673158602192324,0.09171929680277303,0.4283712514329514,0.32784250029260514,0.015198922050887742,0.6519009821514736,0.09539007092198581,0.03,1.0,5.808605427857255,0.0,0.007558629882090356,0.4380534244995693,0.5598269371001608,0.4286904010907389,-0.12177351260059155,0.009363023408830384,0.1,20.0,0.0,-0.8244374998907134,0.3395655724335672
0.02,1.000021551809669,1.0257501387363206,0.0003928409647575709,0.2613954737068558,0.3866693885549066,0.6149236627022504,0.07864885113480602,0.25827318670880284,0.17933673469387754,0.01,1.0,4.084154902735959,0.0,0.05030963263833335,0.38907352463383305,0.4092421484030791,0.38664556458781707,-0.020168623769246052,0.0024279600460159756,0.7,20.0,0.0,-1.2055468319972042,0.3068989318915591
0.08,0.9999977231010129,1.1024810779846068,-0.0013005865995002718,0.06567908911218427,0.4639101740717631,0.23081621627900972,0.01815811865437955,0.5629005141210163,0.07894021739130436,0.04,1.0,6.071775437180867,0.0,0.014130025062678367,0.46558898973509405,0.4833693101615062,0.4639906019480651,-0.017780320426412144,0.0015983877870289764,1.0,20.0,0.0,-1.1634799560506899,0.4114230576902744
0.1,1.0004667306525927,1.1294995454589978,-0.004326928423609072,0.09541454864040795,0.458612596553773,0.46153348579221465,0.028465290705216195,0.3429441898371205,0.08027777777777778,0.05,1.0,6.419904486180684,0.0,0.01631333286504727,0.4533234303822539,0.48517138811276617,0.45857991681521093,-0.031847957730512244,-0.005256486432957008,0.4,20.0,0.0,-1.1869647997231885,0.42926243095180444
0.03,0.9997708462643095,1.035983981392202,0.006049148430021911,0.1101863257949549,0.4143854552867281,0.26037333149940356,0.01583047968685769,0.6576277060498221,0.1281786941580756,0.015,1.0,4.592114941447654,0.0,0.011883359571413135,0.4137640306284957,0.4800563193328857,0.41417937545388533,-0.06629228870438997,-0.0004153448253896297,0.4,20.0,0.0,-0.3013707296805337,0.22916537071864346
0.06,1.0029532404405188,1.0625535085885487,-0.025636736507966662,0.0878335966743982,0.48422820726752275,0.31062826574104774,0.015133069102122587,0.6080201557435484,0.12819148936170213,0.03,1.0,5.720627169886349,0.0,0.020208729034618608,0.49199242994648057,0.4781518509826901,0.48422837684757464,0.013840578963790484,0.007764053098905932,0.7,20.0,0.0,-0.8696470508235681,0.33858058013098963
0.01,1.0000691929536354,1.0122665023454192,-0.0004752893360068372,0.0762183447619461,0.4552188552188552,0.08344973851436259,0.010958569697413267,0.9688388157962934,0.24595959595959593,0.005,1.0,3.090609410787941,0.0,0.040964070887652526,0.4553030303030303,0.5108585858585858,0.45580808080808083,-0.05555555555555547,-0.0005050505050505083,0.7,20.0,0.0,-0.12105764651482787,0.15572383083648156
0.036,1.0094765481508785,1.053365566400907,-0.04690739898117102,0.13060351779508725,0.5329825166781689,0.3079111399600797,-0.03024125131996863,0.8029745926873785,0.12393384047948364,0.018,1.0,4.736249276165797,0.0,0.03368937844700299,0.5767800438158016,0.5690484823273483,0.5329830541634687,0.007731561488453331,0.04379698965233292,1.0,20.0,0.0,0.6801772948718687,0.15401929931468036
0.05,1.0007397210765,1.0435247790771873,-0.005214537178024024,0.24561235881175417,0.5451803290497207,1.0825244682570372,-0.07452719423890614,0.07976902586240722,0.14394736842105266,0.025,1.0,5.4403931390939455,0.0,0.04588883987782992,0.54301826348876,0.4199053942449649,0.5451803290497207,0.12311286924379511,-0.0021620655609606576,0.1,20.0,0.0,-1.2560003957691983,0.3909147687135846
0.09,1.0177934600727077,1.1254646372167152,-0.09725388403511837,0.06657246507628574,0.48160717387528224,0.24371519995291152,-0.016746641066746004,0.8797238791490005,0.09484126984126984,0.045,1.0,6.338960382788159,0.0,0.021292163116845023,0.5213886958871325,0.5716545832023293,0.4816438442089823,-0.05026588731519677,0.03974485167815023,0.4,20.0,0.0,-0.4028396278141724,0.36940229437854555
0.05,1.0023700937267925,1.0691792176226653,-0.021702877236083218,0.21784920687079037,0.5552038728680787,0.8174341750454724,-0.03373003956247961,0.21811020284240568,0.13157894736842105,0.025,1.0,5.230773741686469,0.0,0.023773209608790508,0.5588287655037257,0.48656052330731886,0.5552040686098342,0.07226824219640687,0.0036246968938915547,0.4,20.0,0.0,-0.7542119167010362,0.3136523783120053
0.08,0.9977729597789013,1.1246535015505608,0.04355349121855023,0.049133575882106054,0.5439413092433041,0.15669963960162758,0.006664612033784101,0.6191787986059991,0.08926630434782608,0.04,1.0,6.242193996839529,0.0,0.01973904287578225,0.5470772786740795,0.5421009974095273,0.5439414406614026,0.004976281264552185,0.003135838012676917,1.0,20.0,0.0,-0.30028350997737707,0.2641416943213022
0.02,1.0001762865082409,1.0083307587971484,-0.0011439507442067356,0.0050803116918069335,0.5725506802784902,0.021241379729073345,-0.0038839719173269227,0.9603921880843723,0.19362244897959183,0.01,1.0,3.9508178941112644,0.0,0.05486515712146518,0.5691289630052506,0.7128193021853554,0.5724046095802723,-0.14369033918010476,-0.0032756465750216623,0.1,20.0,0.0,-1.2325968583492122,0.32840900032522347
0.033,1.0095104086211069,1.0293391761688881,-0.04407265253949322,0.005298072169487549,0.47181281499493916,0.01644561294187402,0.0021470428626194082,0.451823046458938,0.15334837516843722,0.016482936918304034,1.0,4.6289724007958375,0.0,0.019443096707720084,0.49530563213427664,0.6324318627889033,0.47134343648006327,-0.13712623065462665,0.02396219565421337,0.2,20.0,0.0,0.5129275406935925,0.1452640616460269
0.07,0.9985816490883965,1.0755676079594576,0.03554481473635529,0.0733372724531735,0.4049906498363722,0.2605981894829482,-0.010982589946031851,0.7725697426563924,0.08966973886328725,0.035,1.0,5.925437757849544,0.0,0.0038477132841377992,0.4129012778556958,0.43752879763934144,0.40489909615084924,-0.024627519783645635,0.008002181704846567,1.0,20.0,0.0,0.030224078999164128,0.25034614402356087
0.04,1.001937112178923,1.0399047859004473,-0.01757999174370467,0.23732609880187547,0.5621222527472528,0.9867343852098387,0.04119012432980346,0.08094706985435389,0.18151041666666667,0.02,1.0,5.00631751551186,0.0,0.03212958271744394,0.5639938186813187,0.509339508826067,0.5621165293040293,0.05465430985525166,0.0018772893772893706,0.7,20.0,0.0,-0.7771189534998326,0.30723956979801353
0.037,1.0084680490902675,1.0451349143065778,-0.045550407659689984,0.17601201157242513,0.5013313097425248,0.5967075970053913,0.04997803962371683,0.24096495658306305,0.12905896550756363,0.01848078920041537,1.0,4.686811559703067,0.0,0.02370827540421598,0.527578081316399,0.4774179332800022,0.5016907633730064,0.050160148036396845,0.025887317943392607,0.4,20.0,0.0,0.49492699249613326,0.29460267496499914
0.07,1.0152610202683974,1.0822499345699408,-0.08082480665866132,0.09163392100879396,0.524181860682562,0.32217810132771413,-0.022606783736340896,0.48277560527207264,0.09769585253456221,0.035,1.0,5.970793949630921,0.0,0.022976533077320074,0.5573632538569425,0.48256735435681336,0.5241351098644227,0.07479589950012916,0.03322814399251983,0.2,20.0,0.0,-0.2055651060892214,0.347145201150277
0.09,0.9972198572960135,1.105937382103267,0.05231568138826276,0.0381363873728152,0.4407012960067937,0.12987338312777766,0.005279922438733764,0.9748201269155189,0.0764957264957265,0.045,1.0,6.23639731428347,0.0,0.01291059079168956,0.4455317680890896,0.4163068570500073,0.4407379663404936,0.029224911039082313,0.004793801748596005,0.7,20.0,0.0,-0.33379501557331004,0.2747310202233994
0.02,1.0010878541001278,1.019502258533112,-0.01038751868914567,0.13667746822873247,0.5976234699429385,0.24636863882774096,0.020311471052029795,0.6197368556660099,0.2173469387755102,0.01,1.0,3.940703572324473,0.0,0.049218612528063345,0.5990599062586455,0.47617897774706935,0.5977933646082462,0.12288092851157612,0.0012665416503992999,0.1,20.0,0.0,-0.5188129208145802,0.22538541060240122
0.04,1.0096320266823569,1.0482178639155089,-0.0485098276126551,0.02228511073696052,0.5203353937728937,0.0498096970103712,-0.005655089619448994,0.9147888293854506,0.125,0.02,1.0,5.1519628237510116,0.0,0.031149883317065835,0.5690934065934066,0.647542906156524,0.5201808608058608,-0.07844949956311742,0.04891254578754578,0.1,20.0,0.0,0.0511175933606931,0.3171651313894636
0.01,1.000012225057389,1.0147691156369965,9.89785202042126e-06,0.0105626523528957,0.4361952861952862,0.009366886577911859,-0.0023859185353997114,0.9618214458184866,0.22196969696969698,0.005,1.0,2.999180624813115,0.0,0.06624271205310608,0.4384680134680134,0.2063043465691791,0.4367845117845118,0.2321636668988343,0.0016835016835016203,0.1,20.0,0.0,-1.2280599580637026,0.27610760938197554
0.07,1.005563437276141,1.0781647251296558,-0.04215493527316247,0.05333493088570732,0.4265252454417952,0.18054020041451235,0.008592770293644525,0.6580249197338094,0.08394777265745008,0.035,1.0,5.88748700554013,0.0,0.010994168447587785,0.46122604020570357,0.43617983206059757,0.4265719962599346,0.025046208145105997,0.034654043945768986,0.7,20.0,0.0,-0.8967658638291431,0.3627143045555142
0.08,1.0018281256678556,1.0819390856522815,-0.012511659317157156,0.03659375575567897,0.41084151395833074,0.12230289811492175,-0.010475514045631129,0.7709088016334623,0.09850543478260869,0.04,1.0,6.134510482981026,0.0,0.017122877988642968,0.4114943788536715,0.4182944784035611,0.41076082324583174,-0.006800099549889582,0.0007335556078397754,0.7,20.0,0.0,-1.2084838187441016,0.42300069818386327
0.05,0.9995675542870477,1.0689863566099302,0.013015290221767173,0.11509211486144708,0.5354401703579647,0.39950050308430957,0.018779759305592947,0.36279629203995645,0.12000000000000001,0.025,1.0,5.4806445163099236,0.0,0.016504480134984567,0.5364840122048898,0.5240885779620665,0.53537831596321,0.0123954342428233,0.0011056962416798877,0.7,20.0,0.0,-0.41596149568477836,0.2539402672266516
0.08,1.0025122714562673,1.083141017934399,-0.022915345004103388,0.06285310402880534,0.47268416189310636,0.24985558758005896,0.010735917453581434,0.46768513285378843,0.08614130434782608,0.04,1.0,6.085260373629534,0.0,0.011141018424282279,0.4775074588363639,0.562439206849547,0.472563388660555,-0.08493174801318304,0.004944070175808946,0.1,20.0,0.0,-0.9343747630070101,0.36715501469513584
0.01,0.9998015890724937,1.0094153069680847,0.0032252175971315133,0.5390083748641699,0.5351010101010102,1.1517413928372173,0.08505734326070807,0.04817824961903766,0.2578282828282828,0.005,1.0,2.750411130457573,0.0,0.04892322512031874,0.5357744107744108,0.5612806176346704,0.5345959595959595,-0.025506206860259617,0.0011784511784512786,1.0,20.0,0.0,-0.10385960668156358,0.1609508008338565
0.07,1.0001662171374475,1.0780255930010945,-3.060661320213737e-05,0.25065789098159796,0.531079554308867,1.4320991726859509,-0.0759911199721533,0.037039406003181834,0.11762672811059909,0.035,1.0,6.054466038529828,0.0,0.04150947624380466,0.5314905719183418,0.5349344637875411,0.531079554308867,-0.003443891869199245,0.00041101760947481747,1.0,20.0,0.0,-1.1730347286082687,0.4028993368402221
0.037,1.0085947918519251,1.042908354177891,-0.04539256440360506,0.039650607048685255,0.42894799904145703,0.07984974252661602,0.00946282994673181,0.8219293941540262,0.118457242289018,0.01848078920041537,1.0,4.790610669745152,0.0,0.024753334974334504,0.48668024602604043,0.5655293580099943,0.4291942913438241,-0.07884911198395383,0.057485954682216345,0.2,20.0,0.0,0.38065234095699196,0.2904373158290997
0.09,1.002563414747344,1.107839591489041,-0.02349018981910908,0.10155878981462517,0.5130978229401887,0.44322018989823336,-0.016685367443610932,0.47516474145663634,0.09285714285714286,0.045,1.0,6.342849514185505,0.0,0.014908421282721102,0.5182310665277053,0.5306819879518816,0.5131710429814912,-0.012450921424176253,0.005060023546214154,1.0,20.0,0.0,-0.9365789568173151,0.393083313298435
0.06,0.9985343182309664,1.0749247985053245,0.030564545511701846,0.13670968117316076,0.4974720701654423,0.530052591488648,-0.021155523010077948,0.15988285950896386,0.13085106382978723,0.03,1.0,5.558040587420315,0.0,0.021957617656518616,0.5037558589907952,0.44238211112589293,0.4973660826329677,0.061373747864902295,0.0063897763578275035,0.4,20.0,0.0,-0.019718482878756216,0.23109003381361437
0.02,1.0017005052609884,1.0165340217972516,-0.013477335281935454,0.05714158641907758,0.3682198106411536,0.11478520493332338,0.010481585895396828,0.47545059186277616,0.13826530612244897,0.01,1.0,4.21287594834205,0.0,0.01834126107300839,0.3886780467801461,0.5348026783431795,0.3685362227040619,-0.1461246315630334,0.020141824076084225,0.2,20.0,0.0,-0.6590291726906203,0.22352746560793468
0.03,0.9997026667520998,1.0204975236653504,0.002319680217187911,0.16289987241250972,0.6041977219737797,0.3932967768944793,-0.04380711043756891,0.3966884484159957,0.17525773195876287,0.015,1.0,4.613674170565863,0.0,0.04384628520007326,0.604607970543643,0.6427638028641202,0.6043009211481863,-0.038155832320477145,0.0003070493954566711,1.0,20.0,0.0,-1.180575231376518,0.347499397670747
0.039,1.0083243759994065,1.0450148614435903,-0.046248376137466796,0.10360173359250391,0.4991857376787283,0.2935121899720134,0.02821904551635701,0.7598393046487064,0.11381707089303342,0.019479708636836627,1.0,4.777043387368232,0.0,0.021168605966693635,0.5132583473120856,0.507104582434908,0.4994256230529595,0.00615376487717767,0.013832724259126128,1.0,20.0,0.0,0.6172212846950762,0.290581255557723
0.07,1.013620438913055,1.1076460410910285,-0.07605816617249705,0.015383062692897997,0.4510499454573788,0.013771976900193111,0.001248771972956142,0.7087306597593317,0.07903225806451612,0.035,1.0,5.915613515179826,0.0,0.014310879629882506,0.507517141966651,0.44884904067933523,0.45123500077918033,0.058668101287315755,0.05628214118747066,0.2,20.0,0.0,-0.23699230391470483,0.33337001118068005
0.04,0.9997370651777059,1.0401993923122599,0.0013481332606615367,0.024876135995004087,0.538558836996337,0.04607939509969672,-0.0058662279946091744,0.8922213939005612,0.12239583333333333,0.02,1.0,4.875830650009028,0.0,0.031054683198074626,0.535782967032967,0.48616079984870036,0.5384100274725275,0.04962216718426665,-0.0026270604395605135,0.4,20.0,0.0,-1.2039098564144939,0.3788967922965065
0.1,0.9980267857410721,1.1262482835356136,0.05184785921741519,0.09379315045412764,0.44178154089918803,0.4511315193748729,-0.01439360113670185,0.5151002322573462,0.07166666666666667,0.05,1.0,6.457165179920587,0.0,0.008327951078643564,0.4594979203802733,0.4407556332680799,0.44174688057040995,0.01874228711219339,0.017751039809863367,1.0,20.0,0.0,0.11098380466224045,0.2675219047474113
0.09,1.0023105793510196,1.0976915313350495,-0.023379206135833108,0.09636337824776495,0.5331457597514137,0.3954122093953793,-0.01437886851588599,0.403718346754963,0.1090964590964591,0.045,1.0,6.448736606616701,0.0,0.018127806140914915,0.5273513645224172,0.4646457195102733,0.5330725397101114,0.06270564501214387,-0.005721175187694216,0.1,20.0,0.0,-0.9654071021547908,0.380441944177066
0.08,0.9992539736655084,1.111636372852001,0.022272169910937223,0.1314100768403975,0.5469017748580316,0.5661954675634754,0.018880213681793323,0.15118769089035547,0.11494565217391305,0.04,1.0,6.321829582260735,0.0,0.021427311929239815,0.5473534083172654,0.5022369470778185,0.5467810016254802,0.0451164612394469,0.0005724066917852655,0.1,20.0,0.0,-0.40901084827534895,0.2567186271606676
0.06,1.0115382589306954,1.0785340611210446,-0.06613667976462911,0.1288683596532051,0.527868616158944,0.43907280064408355,-0.03111151046485988,0.5277820751450362,0.12907801418439716,0.03,1.0,5.78922379016988,0.0,0.02613824394924498,0.5482852065145872,0.38972182756963175,0.5275496360812085,0.15856337894495548,0.020735570433378703,0.1,20.0,0.0,0.05510382552480797,0.33467705485386373
0.05,1.0020976872327547,1.0537778537849816,-0.0188617111757943,0.07031524521286706,0.45928488294251535,0.23326963994760297,0.013016835840946261,0.45701922404899653,0.14052631578947367,0.025,1.0,5.26509941480612,0.0,0.025272815321073908,0.4675119578638467,0.6095071386333301,0.4594820438257961,-0.14199518076948336,0.00802991403805059,0.1,20.0,0.0,-0.7585602517192886,0.29462019484003465
0.1,0.9962163807317784,1.113026799231333,0.023853750739923636,0.07488983812444114,0.4254466230936819,0.31525310243189697,-0.021305443581473182,0.4738396823522898,0.08472222222222221,0.05,1.0,6.404442321204751,0.0,0.013333610560480727,0.42818379877203405,0.5384807435958298,0.42547930283224394,-0.1102969448237957,0.002704495939790108,0.1,20.0,0.0,-1.219116626268338,0.43999217373761784
0.02,0.9998226752553894,1.0323171722609952,0.004088759616946824,0.22895586926868625,0.5047725362072185,0.5925105120502326,-0.03880653690575847,0.3151045572975647,0.174234693877551,0.01,1.0,3.8908005132914654,0.0,0.03438003003276448,0.5055963987691346,0.36853568422574584,0.5044808415101656,0.1370607145433888,0.0011155572589690577,0.4,20.0,0.0,-0.38729137834986016,0.21272181058989437
0.06,1.0096013339625758,1.0547333798896823,-0.06140770651841643,0.1720665792431801,0.5208544460498022,0.675336590836786,-0.043920871569048364,0.19016996363838634,0.09858156028368795,0.03,1.0,5.730341226428638,0.0,0.029987254052349012,0.5437689505708064,0.49235023525238636,0.520801197913487,0.05141871531842007,0.02296775265731943,0.4,20.0,0.0,0.040769839954203135,0.31508215393647016
0.04,1.0008389671261428,1.055247426556911,-0.004235619344950066,0.005981087927618192,0.5092376373626374,0.041276867961704024,-0.0052512615836438625,0.881188828986022,0.11354166666666665,0.02,1.0,5.127953532062143,0.0,0.03303948650100706,0.5090487637362637,0.5373148286302932,0.5092376373626374,-0.028266064894029497,-0.00018887362637365346,1.0,20.0,0.0,-1.2014877094512062,0.3695252996095952
0.024,1.0059969658944692,1.0290941330493741,-0.02984403928456425,0.06297944702676911,0.4513587383986157,0.13435138460253762,-0.018414136844426443,0.7909653091808198,0.1682889344262295,0.012,1.0,4.183244123076748,0.0,0.01941813589730257,0.5168145351580934,0.4695460799949964,0.4514869435268209,0.04726845516309697,0.0653275916312725,0.2,20.0,0.0,0.4452354265904508,0.2855147549158651
0.05,1.0025257670388719,1.0693848463393412,-0.02199598908235184,0.16125771400928776,0.5071453081092678,0.5880553062776679,-0.027825941278645683,0.4164536010867491,0.12157894736842105,0.025,1.0,5.323127142385783,0.0,0.01944907946168649,0.5116458025529423,0.5297649240572087,0.5070795878148409,-0.01811912150426631,0.004566214738101482,1.0,20.0,0.0,-0.7925209386304091,0.30919854418341963
0.07,0.9991684061656951,1.0859824652276073,0.0212844452581325,0.05236478507872086,0.5101877824528597,0.1903869854586185,-0.008412629192445953,0.39419951598282144,0.10602918586789556,0.035,1.0,5.996531716562991,0.0,0.01189891445096676,0.5116818606825619,0.49694084042256326,0.5101429795854762,0.014741020259998683,0.0015388810970857758,0.4,20.0,0.0,-0.3526902428721219,0.2694420922233132
0.08,1.0148273820581637,1.1134546729066908,-0.08638339727210298,0.016189967171603408,0.5374972531090135,0.05332628951446949,0.004337967158469791,0.7924425981915809,0.10652173913043479,0.04,1.0,6.155654525765581,0.0,0.03795519644815405,0.5631371566416594,0.5377867660311607,0.5375405604270224,0.025350390610498708,0.025596596214637057,0.2,20.0,0.0,-0.1867171088509072,0.34736041908717996
0.04,1.0013152795447886,1.0242978804981,-0.012984132456580588,0.2946933149169626,0.5761103479853481,1.0476533767451348,-0.0440011481585717,0.09072639301044037,0.13151041666666669,0.02,1.0,5.128593489329795,0.0,0.02325621094637159,0.576510989010989,0.41971835640240224,0.5761103479853481,0.15679263260858672,0.0004006410256408577,0.1,20.0,0.0,-0.7431409263936777,0.2918416877339392
0.1,0.9973201831837138,1.1552625677489488,0.017449229746528558,0.05549031857154141,0.46950089126559713,0.2207834082330335,0.016181413324132143,0.607979566718523,0.08027777777777778,0.05,1.0,6.6618421731037,0.0,0.017491490065187895,0.4725282234105763,0.4201343027104301,0.46946722123192713,0.0523939207001462,0.003061002178649186,0.4,20.0,0.0,-1.1637170917914499,0.4240368068562942
0.043,1.0115307928092958,1.0667157968965986,-0.055531395802933536,0.14973829358409094,0.4265313230830472,0.5287376878623934,0.04169199573672305,0.6543527509375493,0.13426162183179025,0.02147753396029258,1.0,5.150671549960244,0.0,0.034052522960011725,0.49182962631238486,0.5595187449344478,0.4264566850773748,-0.0676891186220629,0.06537294123501008,0.7,20.0,0.0,0.3416598051667905,0.15355127430262291
0.01,0.9999826081461549,1.0120296300320817,0.0011448862800315929,0.16938193100542237,0.4588383838383838,0.2927934950964914,0.030406064047027392,0.4460382293199331,0.278030303030303,0.005,1.0,2.9676655914230063,0.0,0.051189519727885366,0.46069023569023565,0.5528631896395634,0.4591750841750841,-0.09217295394932773,0.001515151515151525,0.7,20.0,0.0,-0.13113108669095785,0.17282981738349137
0.06,1.0035287914419322,1.0904787303337147,-0.028629740906216394,0.005340253901146954,0.5041923580445384,0.002367223972207261,-0.00014148982129053023,0.8901771717792928,0.11427304964539006,0.03,1.0,5.567209807438776,0.0,0.01247202665964002,0.5107466270527666,0.5274171445057521,0.5042990238972209,-0.016670517452985423,0.006447603155545711,0.7,20.0,0.0,-0.8533626221705992,0.33274678264006746
0.09,1.0189529847855088,1.1054368854648469,-0.10374441175041293,0.03737482113637281,0.5661581070387741,0.18872686910107184,-0.013212369152278858,0.16822764489035646,0.11779609279609281,0.045,1.0,6.26517487488244,0.0,0.03413661286009061,0.5936010267693436,0.5748917791540742,0.5662679974137764,0.018709247615269375,0.02733302935556714,0.7,20.0,0.0,-0.13734556657825303,0.366169439112523
0.07,0.9976747480528726,1.0778271714438308,0.015063945597360087,0.2154435191492833,0.5203405017921147,1.0842267249863646,0.061689312146887,0.08324504934542555,0.10829493087557604,0.035,1.0,5.792584601966712,0.0,0.03379563398020405,0.5230267258843697,0.5502863918510149,0.5202041452392083,-0.027259665966645197,0.0028225806451613877,1.0,20.0,0.0,-1.1935570676462037,0.40915339993616295
0.03,0.999483917911311,1.0232018034042594,0.0036945788030898555,0.1059865167865735,0.5138904814687408,0.2818452068985792,0.03420944512308477,0.5413907921649379,0.14991408934707903,0.015,1.0,4.769844743850389,0.0,0.03461952679920079,0.5152311151881156,0.5274292582285485,0.5138907999847112,-0.012198143040432874,0.0013403152034043853,1.0,20.0,0.0,-1.1742356288635012,0.35517271146940255
0.08,0.9979169299005927,1.0950914992763172,0.041330120935795134,0.04222735142546843,0.5598950317145232,0.08267056321715983,-0.0037735561367688297,0.6657142274962178,0.13845108695652175,0.04,1.0,6.011556591737125,0.0,0.024505190785887532,0.5670113722954838,0.4453958568664451,0.5600562817214226,0.1216155154290387,0.006955090574061185,0.1,20.0,0.0,-0.3637588815457864,0.28118430019768575
0.04,1.0024829912341986,1.0388131216898335,-0.02065572541985239,0.004430012687832653,0.4828697344322344,0.011170469788697554,0.0008112686333359154,0.8565625199560373,0.14427083333333332,0.02,1.0,5.13703645509964,0.0,0.018673034886111266,0.49265682234432234,0.605691816785384,0.48249771062271063,-0.11303499444106163,0.010159111721611713,0.1,20.0,0.0,-0.7813786674900336,0.3116998824423547
0.04,0.9997072933191506,1.038525875574947,0.008415647359605316,0.3115680896335986,0.46957989926739935,1.31584774556346,0.048908233273264934,0.10936299585506583,0.1421875,0.02,1.0,4.955636924083082,0.0,0.016725388943555755,0.4694597069597069,0.5084969403065229,0.46917925824175827,-0.039037233346816025,0.0002804487179486337,0.4,20.0,0.0,-0.1731083374880793,0.22448410059805718
0.07,1.0032374007271636,1.093863821445516,-0.026785650104214187,0.009317428088071794,0.5404823126071373,0.017275271068972742,0.0009537917431233778,0.8851843633725317,0.10737327188940092,0.035,1.0,5.982894715072121,0.0,0.02087748144499091,0.5469904160822815,0.5212745106543051,0.5404784167056257,0.025715905427976415,0.006511999376655808,0.7,20.0,0.0,-0.9516366548372828,0.35742583550707885
0.08,0.9977183980442421,1.0908442024292433,0.04409678185971305,0.06765408487901713,0.4543828269460397,0.25532548182545217,-0.010047577612938174,0.34631303897861765,0.10230978260869565,0.04,1.0,6.251350044082011,0.0,0.014192075090922004,0.459471709757347,0.5838048765749612,0.4543008523798089,-0.12433316681761414,0.0051708573775381406,0.1,20.0,0.0,-0.32442558834728175,0.2725360099955152
0.01,1.0007437988415258,1.0144486026858062,-0.006400672055311141,0.1669945408953579,0.25117845117845117,0.24170480824833043,-0.02863076990526603,0.616203325152019,0.17045454545454547,0.005,1.0,3.049380858929643,0.0,0.015537078022337517,0.2782828282828283,0.6062446953364226,0.25227272727272726,-0.32796186705359426,0.02601010101010104,0.1,20.0,0.0,-0.34076862715701894,0.1830370280471002
0.01,0.9998837012116998,1.004249427554348,0.0007071259389852119,0.07656865375848072,0.6862794612794613,0.08531850773045843,-0.02070892866536267,0.8313815231968645,0.2830808080808081,0.005,1.0,3.0938703533442395,0.0,0.08241615962758449,0.6892255892255892,0.550137391385704,0.6856902356902358,0.13908819783988513,0.0035353535353533916,0.4,20.0,0.0,-1.2372220608749067,0.27950962262890583
0.04,1.009259469402787,1.053073959156163,-0.04979822681857904,0.02955704240449711,0.41028502747252754,0.07342918339201296,-0.008439983195341394,0.8783195760824352,0.13229166666666667,0.02,1.0,5.0378334572287855,0.0,0.017955582660639596,0.45924908424908434,0.500820932108104,0.4105196886446887,-0.04157184785901963,0.04872939560439565,0.4,20.0,0.0,0.6241238714203328,0.3011324608491227
0.06,1.0126876816204027,1.0705494502061987,-0.06999024387756081,0.006813052923309146,0.4625594378082118,0.01902319368336131,0.0018638639824828385,0.6721200719840867,0.09999999999999998,0.03,1.0,5.8189597639085475,0.0,0.02091424170011444,0.5116952578634271,0.5187917560465182,0.4625061896718965,-0.0070964981830911045,0.04918906819153057,1.0,20.0,0.0,0.0983872708295106,0.32892817729348817
0.1,1.000111265261906,1.1536543784788424,-0.0020224780830870384,0.04130532487787688,0.46806397306397307,0.16231598594377358,-0.012103186257613197,0.7003436785181341,0.0925,0.05,1.0,6.328704463674166,0.0,0.01776567830192638,0.46387601505248566,0.5421319439121585,0.46806397306397307,-0.07825592885967281,-0.004187958011487414,0.1,20.0,0.0,-1.205902764076833,0.4279475521949778
0.07,0.9996046306069161,1.0987907160736599,0.01484823044530914,0.057192844423839116,0.43214897927380397,0.20813678105272493,-0.00916939199335065,0.7367058195538364,0.07480798771121351,0.035,1.0,5.897860237041413,0.0,0.00980318471153234,0.4290575814243416,0.4610939038921671,0.43205742558828114,-0.032036322467825507,-0.002999844163939558,0.4,20.0,0.0,-0.3811304984351467,0.2656654099887264
0.02,1.0016789722521762,1.02017460404166,-0.013337495132343336,0.2283710300256912,0.4282483160177762,0.5818174718460447,0.04134790237925101,0.22528305026583328,0.1798469387755102,0.01,1.0,3.9768497430088035,0.0,0.016722112905536102,0.4462921419920351,0.5574362922326673,0.42790852668716123,-0.11114415024063223,0.018383615304873868,0.2,20.0,0.0,-0.5788916859482711,0.22476421297621157
0.07,0.9987424677478353,1.0763694795991268,0.024383318630239736,0.10169838536638717,0.44877084307308707,0.3929160287774876,0.015161558880821324,0.36624935308158835,0.08402457757296466,0.035,1.0,5.90855166004553,0.0,0.007928633045718864,0.4476741467975689,0.3803819616614881,0.44877084307308707,0.06729218513608082,-0.001096696275518172,0.1,20.0,0.0,-0.4677903098021945,0.2867045364644551
0.08,1.0195140171196941,1.1400957237219569,-0.09940645278656834,0.35696221667732836,0.538223338103406,2.014967666710381,-0.08023043198647684,0.0024083574464117178,0.11644021739130433,0.04,1.0,6.191864804690009,0.0,0.030730494854593837,0.5722299950972962,0.4889954978342366,0.5381831241652549,0.08323449726305959,0.034046870932041284,0.1,20.0,0.0,-0.13755473380655747,0.36287192359315734
0.08,1.0171449585096772,1.1052195503055726,-0.0926936789698376,0.1298223862392827,0.4811378130447343,0.6104973596609653,0.03488056529357769,0.33182423847280107,0.08845108695652174,0.04,1.0,6.1624242352836145,0.0,0.022748214197670674,0.5351863265008254,0.5217984657205812,0.4811392283165647,0.013387860780244232,0.05404709818426073,1.0,20.0,0.0,-0.14554137238227538,0.3524376942265919
0.08,1.0021051287714802,1.09990470152234,-0.013527699184317149,0.039984649081990134,0.4924519914016979,0.13226895662726304,0.011191268440045254,0.7320185827796477,0.11046195652173912,0.04,1.0,6.17776129980985,0.0,0.03473790769852733,0.4908469215098128,0.5614212603203236,0.49220863541046916,-0.07057433881051078,-0.0013617139006563694,0.1,20.0,0.0,-1.1631257570059566,0.4051892928104287
0.05,1.0034087939608356,1.0656735013203644,-0.027214266283467847,0.14832088021252973,0.5803900134905219,0.4559152974214017,-0.020909280381197992,0.2580154941798619,0.18131578947368424,0.025,1.0,5.451030448077037,0.0,0.03447018671308151,0.5825272198485272,0.552595565039896,0.580638214036563,0.029931654808631136,0.0018890058119641617,0.7,20.0,0.0,-0.840042793238795,0.3284597517854178
0.07,0.999034100122342,1.0973035729103282,0.025137804463646996,0.014426486716160626,0.5421166432912576,0.010416570932592045,-0.0005477389307120273,0.8473801426121513,0.10729646697388633,0.035,1.0,5.878480476617294,0.0,0.01847433034090129,0.5432289231728221,0.48004619841239077,0.5419763908368397,0.06318272476043135,0.001252532335982437,0.7,20.0,0.0,-0.15284200690412542,0.23516245617908435
0.1,1.000244937594958,1.1596792297663856,0.0006161402734388075,0.12278174015453877,0.503303624480095,0.6213565213982546,-0.03506633876195314,0.23737349982876643,0.07694444444444445,0.05,1.0,6.478065505993685,0.0,0.02322917662498447,0.49963953258070903,0.4922526989757519,0.503303624480095,0.0073868336049571215,-0.0036640918993859906,1.0,20.0,0.0,-1.166709516856567,0.4240368068562942
0.07,0.9983111900336578,1.0863710536419198,0.036528790730115335,0.015896263349277517,0.5117364033037245,0.04905901224382748,0.002402099626196308,0.9035107559878539,0.09120583717357911,0.035,1.0,5.858402561265877,0.0,0.013098907687784503,0.5150615552438834,0.4521721479930492,0.5115045971637838,0.0628894072508342,0.0035569580800995926,0.4,20.0,0.0,-0.024260206231474957,0.23786156264448352
0.06,0.9992811619212844,1.069322420968333,0.0027223841472644866,0.040195995101029613,0.4275045277873873,0.13281313349314575,0.01286410353524503,0.6973625918095552,0.0949468085106383,0.03,1.0,5.840987715496757,0.0,0.016033397190087922,0.4277709380490155,0.4613555253411296,0.42734495295849356,-0.03358458729211411,0.0004259850905219409,1.0,20.0,0.0,-1.2165999103989695,0.38701971617207254
0.09,1.0161434807624858,1.1184607349065898,-0.09429074825102302,0.07297280642401938,0.5162628104915754,0.26802676890468274,-0.01748056554733468,0.55585642021001,0.08122710622710623,0.045,1.0,6.227549650554598,0.0,0.017482813955261592,0.5401657161330169,0.520623631956983,0.5162996014513732,0.01954208417603387,0.02386611468164368,0.7,20.0,0.0,-0.35966224836898286,0.35255595056127437
0.05,0.9990959197840353,1.0508889148067198,0.02149007600508962,0.05173836657369892,0.49951470725254526,0.13322641409101188,-0.007397932944646024,0.8480120534893676,0.09789473684210526,0.025,1.0,5.296808095160304,0.0,0.012984792553008398,0.5030147655835884,0.4382555262145467,0.49964247768348247,0.06475923936904165,0.003372287900105908,0.7,20.0,0.0,-0.23834878383750135,0.22644439855619844
0.06,1.0017159552076698,1.0771753388690894,-0.01963338600117942,0.11270782368533375,0.5063962203998019,0.3581996467625667,-0.016483260858361326,0.40935887911720603,0.11976950354609929,0.03,1.0,5.6765196439032195,0.0,0.01955993968675132,0.5104866608331129,0.4412923818176305,0.5063962203998019,0.06919427901548242,0.004090440433310971,0.1,20.0,0.0,-0.7296148183184918,0.32516415418532274
0.04,1.0019814674983458,1.0469147256103981,-0.016980694195318113,0.05267632345774936,0.4537030677655678,0.10934650165347706,-0.007413148497890765,0.8922213939005612,0.1140625,0.02,1.0,4.971135433971166,0.0,0.01415141417098656,0.45956387362637363,0.5729816465136515,0.4537030677655678,-0.11341777288727783,0.00586080586080584,0.4,20.0,0.0,-0.9167763520535441,0.3323850293369066
0.04,1.0004377554230128,1.0369696787901435,-0.002610317978005171,0.00012177630174413695,0.4511160714285715,0.0016719429242247387,0.00022813796664322705,0.9823920063253917,0.12526041666666668,0.02,1.0,5.01899239257734,0.0,0.022221359271156815,0.448941163003663,0.5611477699284387,0.45127060439560435,-0.11220660692477574,-0.002329441391941356,0.1,20.0,0.0,-1.2040247261657497,0.34864684329597023
0.1,1.0181056910685438,1.1200963744475048,-0.10360870459321603,0.009805782156792446,0.5127084571202218,0.022192065608995247,-0.0017278633056689863,0.9012433394705938,0.09277777777777778,0.05,1.0,6.471682507940693,0.0,0.025903197480068613,0.5423232323232323,0.5327323273874924,0.5127074668251139,0.009590904935739886,0.029615765498118396,1.0,20.0,0.0,-0.4010139718884753,0.3707205793382072
0.01,0.9999474561825042,1.0160622655161096,0.0009613544510580774,0.18610221501268157,0.5972222222222222,0.2685681030310901,0.028345790703620755,0.45395875920521,0.36717171717171715,0.005,1.0,2.8861325659048216,0.0,0.06539916864605813,0.5978956228956228,0.36719217294710765,0.5977272727272727,0.23070344994851516,0.00016835016835015093,0.4,20.0,0.0,-0.48747025763235063,0.17907945980797674
0.08,1.0021578277443568,1.1371004135429534,-0.019719696167390693,0.02695228167462408,0.5648756563398932,0.08276525511876488,0.004205696464072928,0.9342228235576246,0.10896739130434784,0.04,1.0,6.273752515438991,0.0,0.020100246791027163,0.5673848827496822,0.49822307322307324,0.5649160016961426,0.069161809526609,0.0024688810535395955,0.1,20.0,0.0,-0.9537168139940433,0.35656565325521644
0.034,1.0083440118705358,1.0579137012091149,-0.04306111719289207,0.042947229163884076,0.6061468724512203,0.10928025050689198,-0.012861518104125336,0.8304083221734591,0.15942028985507245,0.017,1.0,4.796053207059649,0.0,0.05400429109604124,0.6400887759583411,0.37131003256003253,0.6065076228119706,0.2687787433983086,0.03358115314637056,0.1,20.0,0.0,0.5479346562960687,0.2936929738295646
0.05,0.9994713302321855,1.0552513253191482,0.003962148478333559,0.11815742156047186,0.5662935241580561,0.46893030767087557,-0.03981434142132223,0.3484087508894359,0.13894736842105262,0.025,1.0,5.208524991266719,0.0,0.04066574829820836,0.5651146204997991,0.41846839905213556,0.566169619626791,0.14664622144766354,-0.0010549991269919179,0.1,20.0,0.0,-1.2164769392053976,0.3909147687135846
0.1,1.0045052650163193,1.1640079145423086,-0.04145907049965514,0.0676205401521184,0.5109566250742722,0.2820090061566016,0.010553140546676276,0.7426947799410653,0.06777777777777778,0.05,1.0,6.43839719082875,0.0,0.012613027573947111,0.5191889483065953,0.5261967854981402,0.51089027530204,-0.007007837191544852,0.008298673004555335,1.0,20.0,0.0,-0.8439813685717916,0.3762033415503424
0.09,0.9989970951518852,1.1699864703689995,0.03181563101471746,0.059875024493575645,0.563087328469689,0.1795629211032364,0.007079451804003489,0.5713670493466924,0.10030525030525031,0.045,1.0,6.443742803292727,0.0,0.017783378291495858,0.559711969003918,0.45209069017172426,0.5631239988033891,0.10762127883219369,-0.0034120297994711946,0.1,20.0,0.0,-0.171647398464418,0.24554261899126054
0.024,1.0065984809187025,1.0318898712566695,-0.032005742735226494,0.20094153662150954,0.4958718735252477,0.6929863623226679,0.06727691136227665,0.5790341483118502,0.18177937158469945,0.012,1.0,4.087268104746408,0.0,0.07123590970419871,0.5465443605474279,0.5708034852794348,0.49664110429447855,-0.024259124732006865,0.04990325625294939,1.0,20.0,0.0,0.6923152510980932,0.1368856495957667
0.01,1.0002193111460678,1.0100554524107208,-0.0012178848275104862,0.018075321539800668,0.6154040404040404,0.08013646471278459,0.019925892656373456,0.7853510769129868,0.28686868686868683,0.005,1.0,3.1480016018222243,0.0,0.09641001369222918,0.6106902356902357,0.3570322801966664,0.6145622895622896,0.25365795549356934,-0.0038720538720539155,0.7,20.0,0.0,-1.237415753203878,0.29287772930243994
0.09,1.0146948286472943,1.1320504355188625,-0.0863945675158817,0.054663905707102306,0.4919286665508656,0.22843382301901635,0.01616531633904955,0.3432814802570251,0.08278388278388278,0.045,1.0,6.271085411445036,0.0,0.013705828853717697,0.5141069808735259,0.5298593428588604,0.49189199621716556,-0.015752361985334473,0.022214984656360348,0.7,20.0,0.0,-0.4849570393676901,0.3683207328136341
0.01,1.0008203726735558,1.0111458747966824,-0.007012743975780444,0.12180542703797234,0.521969696969697,0.17582059191855381,-0.021731366262385254,0.7735318503151364,0.27904040404040403,0.005,1.0,2.9391102851956896,0.0,0.0369826906876085,0.5227272727272728,0.6215408747451813,0.5207070707070707,-0.09881360201790845,0.0020202020202021442,1.0,20.0,0.0,-0.406780591048018,0.17616780519931566
0.01,1.000051467828443,1.0179594739517646,0.00010280876166132713,0.3184221657335793,0.5143097643097643,0.47765929326799467,-0.04654306897739224,0.41263923179777495,0.24141414141414141,0.005,1.0,2.821043158810002,0.0,0.044537184843703934,0.5163299663299663,0.47629148258125564,0.5164141414141414,0.04003848374871066,-8.417508417513098e-05,0.7,20.0,0.0,0.097253176591797,0.14692939439414937
0.09,1.0024759315430458,1.114701697330077,-0.02380105777361116,0.01701241475753446,0.516475956806207,0.054057524788330064,0.0026648939575008024,0.8079009455533854,0.07847985347985349,0.045,1.0,6.187567616018132,0.0,0.010803999194202454,0.5149481066527705,0.4273672581943258,0.5164760774323046,0.08758084845844466,-0.001527970779534149,0.2,20.0,0.0,-0.9107500321025603,0.3672431240718083
0.07,1.0031805628995307,1.0790590306042753,-0.019383550583549305,0.1042204898337155,0.4921887174692223,0.4180535468499826,0.031008536269174214,0.3742708738813958,0.09938556067588325,0.035,1.0,5.8821321382340805,0.0,0.029269063440721305,0.5000077918030232,0.4516055722471927,0.4922335203366059,0.04840221955583052,0.0077742714664173485,0.2,20.0,0.0,-1.1727365863738055,0.38611180438811454
0.07,0.9999069274058262,1.0824720829338743,0.0007561862845801865,0.13827013208320538,0.579283543712015,0.5492143438519141,-0.03866038416807521,0.2796176624463872,0.1283794162826421,0.035,1.0,5.873808030130668,0.0,0.046702582225162145,0.5779881564594047,0.5435799149190629,0.5792406887953873,0.03440824154034183,-0.001252532335982548,0.4,20.0,0.0,-1.167485629525958,0.412975618025193
0.06,0.9984802675528565,1.088521736936543,0.028302063106816377,0.22662244322089292,0.5464966457065722,1.141223214193534,-0.03531442223088016,0.11965480566650095,0.11640070921985815,0.03,1.0,5.633255150395348,0.0,0.016510147711638265,0.5495272108151373,0.5109600665378088,0.5464432279902051,0.03856714427732855,0.0030839828249322743,0.7,20.0,0.0,-0.36534257869151565,0.23838308864304547
0.034,1.0090279821633166,1.0523845593412642,-0.04402295697986869,0.15728040509979763,0.4557767112114939,0.4887867122119541,0.04487166497616063,0.6842994753435088,0.11948909998782123,0.017,1.0,4.750063392931349,0.0,0.03512603629323183,0.5199432210301775,0.5165823124257676,0.4558629776021081,0.0033609086044099623,0.06408024342806945,1.0,20.0,0.0,0.34265150590341387,0.15401460581336715
0.038,1.0102919511187096,1.0547456702746307,-0.05164629820814559,0.02785468046480992,0.4388737452405677,0.06124029397639025,0.007644468290182949,0.7347999338947018,0.12450760477076266,0.019,1.0,4.732394056618898,0.0,0.026164574713526963,0.4766339330883724,0.5117908295403621,0.43905322243523176,-0.03515689645198977,0.037580710653140614,0.7,20.0,0.0,0.9551183609936085,0.30543053310691326
0.09,1.0011205229666873,1.1127684342652224,-0.007759027915649842,0.011521321187919651,0.5174174434987359,0.05287233147310652,0.004585229286745429,0.8884872800443919,0.0775030525030525,0.045,1.0,6.192934291670225,0.0,0.021417767906612484,0.516578006484859,0.5053623380213259,0.5174541138324359,0.011215668463533057,-0.0008761073475769265,1.0,20.0,0.0,-1.2181539736533316,0.44566065254683257
0.094,1.0289479226941187,1.1199067442816948,-0.13709189258073295,0.06535949002253566,0.5024712045147047,0.31207397643520135,0.01961752458658611,0.21586902837771094,0.10759828096378751,0.047,1.0,6.377072673908062,0.0,0.019436557643242355,0.5327131399985757,0.5492403139807938,0.5024712045147047,-0.016527173982218035,0.030241935483870996,0.7,20.0,0.0,1.0269227519569366,0.1835618946610534
0.027,1.0025992386077225,1.0367991360827853,-0.021048893774401,0.214427469792696,0.37861348528015193,0.642773335190485,0.03625901343987559,0.26792862076463775,0.13461611663050513,0.01348612538540596,1.0,4.4058238610064,0.0,0.015069569625629775,0.40602827899124194,0.4520255200476593,0.37861313355140513,-0.04599724105641734,0.027415145439836808,1.0,20.0,0.0,-0.15874534063878487,0.1966182427721594
0.093,1.0074608258414723,1.1177336220604581,-0.06850520785625103,0.11582528542820902,0.58483067917986,0.5015211793874487,-0.017268956020596138,0.2775994417507104,0.10599755782385509,0.04644873208379272,1.0,6.361802947491521,0.0,0.016937107518289002,0.5916227597978768,0.5023899852160721,0.5847951917601502,0.08923277458180467,0.006827568037726661,0.1,20.0,0.0,-0.22370965635036866,0.26890581699657534
0.06,1.0003575345531297,1.0565160655374806,-0.0026210329544531542,0.09752977985964069,0.562596236679487,0.3741260259413119,0.03120013768568286,0.4104066356991589,0.12482269503546099,0.03,1.0,5.625280008186233,0.0,0.03491424606213375,0.5637144475421069,0.5636518055476167,0.5626493152357502,6.26419944901313e-05,0.001065132306356631,1.0,20.0,0.0,-1.2881904859243773,0.43203514491181055
0.053,0.9996095240986732,1.0382598701992471,0.0056840682362486045,0.14901100781258558,0.5239532787642326,0.5389047333595985,0.02219836825809174,0.26265084523569404,0.11098105237990874,0.026472016895459347,1.0,5.471016920168711,0.0,0.014326564073958575,0.5205912119496964,0.39930434885232646,0.5238944898165548,0.12128686309736991,-0.0033032778668584672,0.1,20.0,0.0,-0.07724405415926938,0.19887133052322006
0.086,1.0005566464365934,1.10441322324919,-0.0029439301122842973,0.02636800914471748,0.44708131266549644,0.11134161335810418,-0.0049259816207141705,0.7204045625752256,0.09547860159788306,0.043,1.0,6.256620850873306,0.0,0.00860600444204912,0.4481733764881395,0.5199522841365484,0.4469680065058066,-0.07177890764840889,0.0012053699823328934,0.2,20.0,0.0,-0.029266700995231876,0.2088904766861063
0.062,1.0184805782847748,1.0842882268129548,-0.08760608723735896,0.43029956022624904,0.578337078257206,2.1420848697297203,-0.09216161339274939,0.009224731368386807,0.1370623839328702,0.031,1.0,5.539304152451006,0.0,0.030191563542843004,0.6226736936002112,0.5673569284639163,0.5781335780537059,0.05531676513629491,0.04454011554650528,0.1,20.0,0.0,0.8760605573930054,0.17343040480817168
0.051,1.0040123422907532,1.0834979427568245,-0.035936751234121544,0.03536039591306276,0.5415915997034121,0.06405691118956151,0.004055361455913231,0.8605428783107182,0.13047790243600074,0.02547312961011591,1.0,5.33914519057252,0.0,0.02215303537551247,0.5494022829752433,0.4117091758706684,0.5415914039616565,0.13769310710457489,0.007810879013586791,0.2,20.0,0.0,-0.24788135614915596,0.24500032748415665
0.059,1.005986025018122,1.0927892270075883,-0.049430232191479906,0.2866217303190307,0.5690074426007226,1.3138309588313393,-0.04230646746810357,0.035372763560054594,0.15070516399791062,0.029468650371944738,1.0,5.441857632793401,0.0,0.02278062915663165,0.5902520387984879,0.5336234977785409,0.5691191869296979,0.056628541019946965,0.021132851868789992,0.4,20.0,0.0,-0.19622197990742496,0.24113103120270943
0.054,1.0015320587031147,1.0540632188129768,-0.009783813003243935,0.1905130476060029,0.4652931261581051,0.7363123402522275,-0.05464865024985133,0.18673010770440235,0.12098700180095529,0.027,1.0,5.525074492621591,0.0,0.03457949544106993,0.4682878277111751,0.4542119245291631,0.46529312615810503,0.014075903182012017,0.0029947015530700782,1.0,20.0,0.0,-1.1918848745622987,0.38504870266791535
0.007,1.0019755742008642,1.0112363479930828,-0.009309201149251045,0.25530668641235327,0.5016784155756966,0.3983893479934847,0.08304886720266996,0.37253853962605965,0.2860020140986908,0.0034964753272910373,1.0,2.8820502460630513,0.0,0.09080522351908474,0.5308828465928164,0.7972426972426973,0.5016784155756966,-0.2663598506498809,0.02920443101711978,0.1,20.0,0.0,0.5632323184575339,0.2277731970622594
0.097,1.0288993757978806,1.1154981742311232,-0.14193790243233617,0.053471191317148004,0.5530879811403068,0.14749605315670758,0.011016679054338008,0.9930629181670783,0.09686212053749814,0.048446290143964565,1.0,6.430372607334283,0.0,0.025241319557911708,0.5811300295311924,0.5587734925205893,0.5530208647941207,0.02235653701060314,0.0281091647370717,1.0,20.0,0.0,1.2131050821306832,0.18879744164828832
0.068,1.001136459198307,1.0693673059781403,-0.00664450489147041,0.02302584430897704,0.5512918244558026,0.08619054042723427,-0.008177959956260805,0.8128003783121591,0.13170600858369097,0.034,1.0,5.9051872392920775,0.0,0.035095082982649836,0.5519032338692936,0.5118445021352669,0.5513872939721782,0.04005873173402674,0.0005159398971154028,0.7,20.0,0.0,-1.2148234759249779,0.4035137228165433
0.045,1.0001401668526233,1.065232853839899,-0.0033345398059872744,0.19876480824224854,0.5340251353263714,0.627084386236054,0.02656399180239266,0.28745802217284644,0.12126236183827807,0.022476439790575915,1.0,5.021775590125086,0.0,0.02421085607734895,0.5338165870371466,0.4657306042408295,0.5343044410708692,0.06808598279631711,-0.00048785403372253455,0.1,20.0,0.0,0.2572678867260958,0.1612738659949832
0.099,1.0078704537151189,1.1618251664392416,-0.07550281584794027,0.0830448072337084,0.4909477946687249,0.3990117561073473,0.014148539097402102,0.5656540607171311,0.08689279027791791,0.04944506104328524,1.0,6.318715805891992,0.0,0.012027395088345716,0.5178419857489626,0.44793615350543203,0.491015134736065,0.06990583224353053,0.026826851012897557,0.4,20.0,0.0,-0.11599706972589585,0.26718820424907724
0.083,0.9997876695512209,1.1215818108208189,0.004142680470730763,0.037865127943555385,0.49903477750811587,0.1480808091495426,0.006556273349932473,0.5614946026522551,0.12546478170041125,0.04145474372955289,1.0,6.158158126287631,0.0,0.011726440528473811,0.49614884677476195,0.5368779525110192,0.4989958730574467,-0.040729105736257265,-0.0028470262826847392,0.4,20.0,0.0,-0.13285091725825504,0.22134927772060475
0.061,1.0055543509701825,1.0873084659420214,-0.04886656151976432,0.18239273438744988,0.46720675490643543,0.8934452259260306,0.030567262505659998,0.0875908729019329,0.11693639902931266,0.03046751863684771,1.0,5.6136916227149625,0.0,0.02157479333150837,0.4875247223490034,0.5060796907956925,0.46726253866828954,-0.01855496844668908,0.020262183680713863,0.4,20.0,0.0,-0.031040512068047477,0.25641765905853486
0.018,1.0051205630897784,1.0116427669424088,-0.02386632844972847,0.166759543041803,0.5450469489404374,0.2976948985302611,-0.041727011064566666,0.7615236013050187,0.21107716677981445,0.009,1.0,3.895436294120449,0.0,0.06300561981743677,0.5883276149275254,0.5243689097191121,0.5450469489404374,0.06395870520841329,0.04328066598708802,0.7,20.0,0.0,0.5049137816410516,0.28402161045971713
0.071,0.9989682056545156,1.0709828400237615,0.003790419878238971,0.059145668849905214,0.40549477192711714,0.18638540073386814,-0.015682346645379208,0.6354508728159256,0.08154307979199199,0.03546178686759957,1.0,5.793958190359786,0.0,0.021669621661363367,0.40530733367526484,0.4359940801081075,0.40553971978759895,-0.030686746432842638,-0.00023238611233411532,0.7,20.0,0.0,-1.156085076915201,0.3940697990926209
0.107,1.006885930639656,1.1417074380044427,-0.07255327603260053,0.004707237587488137,0.4994052027919788,0.0009667872843444432,4.645809606296236e-05,0.8413817157013114,0.07936599302990026,0.053440089585666296,1.0,6.685239939035398,0.0,0.010396258186486193,0.5157068387555587,0.43613545371772444,0.4994052027919788,0.07957138503783423,0.016301635963579864,0.1,20.0,0.0,-0.04072168814357502,0.2891643867726272
0.044,0.9996508929295855,1.0743032314271073,0.0026216933087643904,0.12499856999290328,0.5272903149285714,0.3902969483052833,0.019245005743630195,0.3019799694820373,0.10488779003423354,0.022,1.0,5.106413883051359,0.0,0.014593665660541613,0.5282649276793715,0.4712348137573173,0.5273649529342438,0.057030113922054204,0.0008999747451277074,0.4,20.0,0.0,0.028250482082774475,0.16757877427044485
0.073,0.9993254056495493,1.0623100165408348,0.003587072630990485,0.2286164589554874,0.5790129449838188,1.156288692153824,0.06295043908653997,0.0668038380119713,0.1380576613320329,0.03646062567421791,1.0,5.9735098050237045,0.0,0.043505023079094096,0.580492628550881,0.45717443922129336,0.5790165408126574,0.12331818932958766,0.0014760877382236082,0.1,20.0,0.0,-1.243985585722002,0.4131543457142334
0.061,1.0192449878361753,1.0888181569225923,-0.08929651748149658,0.019115898719672442,0.4894619402606623,0.05231790558445492,0.005108741635878267,0.9100290589755237,0.10995303688961049,0.03046751863684771,1.0,5.566950180863528,0.0,0.018641375721200767,0.5603326740706932,0.564846463170671,0.4893554439880318,-0.004513789099977794,0.07097723008266138,1.0,20.0,0.0,1.0935060966967907,0.16784535003918855
0.081,0.9998438205856137,1.0903463043080766,0.0030626742874396984,0.1466898408023816,0.5434947909808284,0.7036944590020512,-0.022121787490939626,0.2532412433777721,0.09314002068808017,0.04045593035908596,1.0,6.008583005987019,0.0,0.015248238925983468,0.542042226737748,0.5391077371843346,0.543535136337078,0.0029344895534134663,-0.0014929095993299057,0.7,20.0,0.0,0.08248528223515272,0.194697212868139
0.031,1.0012263404686201,1.040496796228018,-0.007323859655283323,0.35787963110720084,0.49590017825311944,1.343105535108421,-0.10784245996564251,0.040368259226181,0.15630513665568094,0.015484004127966976,1.0,4.679571936858791,0.0,0.04285257128078582,0.49709165963035934,0.6319759069095633,0.4960033774275261,-0.13488424727920395,0.0010882822028332462,0.2,20.0,0.0,-1.1898896747048087,0.3560461262031466
0.093,1.0239962979475317,1.1492864997303875,-0.12550328620248408,0.1744986668194707,0.5559816396080968,0.7932219714291378,-0.040361972098986176,0.21653268621565513,0.08610449194437529,0.04644873208379272,1.0,6.398383449040631,0.0,0.037308828896490634,0.5920030157256273,0.4371096780799382,0.5561237067949478,0.15489333764568908,0.03587930893067948,0.1,20.0,0.0,0.7104776098954653,0.3615457396741171
0.02,1.0000669342773039,1.0177980119838734,-0.0016281825395571548,0.3696667884536383,0.5323775157736997,1.0090977701643058,0.05426665034539624,0.12103270707560125,0.20255102040816328,0.01,1.0,4.048519607025335,0.0,0.03456541980469728,0.5336899185607464,0.44874637135321854,0.5323536918066102,0.08494354720752789,0.0013362267541362494,0.7,20.0,0.0,-0.12425144778495145,0.1691879173604823
0.023,1.0019852943271736,1.0132275634234955,-0.016776056289347085,0.2657292271811794,0.4169312231735544,0.6176773136712587,-0.039127989106389816,0.24049230059732507,0.18141159716968538,0.011488229273285569,1.0,4.294120509958598,0.0,0.033061943333698954,0.4302333198498843,0.4296692916595826,0.4166569473471314,0.0005640281903016575,0.013576372502752898,0.7,20.0,0.0,-0.24445985436674356,0.2124957433335489
0.023,1.0071017599447645,1.022987962686554,-0.03170049502502148,0.19544494606981458,0.539570383604126,0.42446063915277754,-0.04812936453271244,0.30615651597894833,0.18143384807084686,0.011488229273285569,1.0,4.343952673946577,0.0,0.04593910365162071,0.5759218184678309,0.5005956933817518,0.5402642194206612,0.07532612508607905,0.0356575990471697,0.4,20.0,0.0,0.7502441950129848,0.13881654835272159
0.052,1.0128299283845559,1.0435280624682801,-0.06968223720090605,0.016854453290076333,0.493660544386531,0.016898761063183766,0.0017609726191595843,0.8837498106919441,0.12250486854917234,0.026,1.0,5.293287815642614,0.0,0.01809791228928772,0.5390398775543973,0.36869017924357195,0.49347439397700005,0.17034969831082536,0.04556548357739726,0.1,20.0,0.0,1.2170798984594997,0.31302255259801165
0.045,0.9997985788995486,1.061740858228663,0.003339320181266585,0.0497701019987692,0.5158365261813537,0.15825028783571743,0.008975498759447142,0.7609600949908155,0.11122745782431646,0.022476439790575915,1.0,5.13028902065701,0.0,0.015652974569721867,0.5147896225319778,0.43582879019896453,0.515976288585267,0.07896083233301326,-0.0011866660532892093,0.2,20.0,0.0,-0.011462763258074382,0.18146028176058995
0.018,1.001623883398615,1.0236832171805597,-0.014278378741373277,0.470948549455252,0.5793879441087989,1.6052392516418252,0.0852222867149256,0.023504669518347232,0.21820547635211587,0.009,1.0,3.7902109459756885,0.0,0.0406866916613102,0.5916156982670744,0.5217221045843143,0.5793879441087989,0.06989359368276005,0.012227754158275483,0.7,20.0,0.0,-0.02653735029837856,0.19035744311459601
0.033,1.009676101528234,1.0434478690947049,-0.045402816309230376,0.1325309175980627,0.419200465707398,0.3705892093645044,0.03722158025938477,0.6545541992210977,0.1188148287424399,0.016482936918304034,1.0,4.612447681661298,0.0,0.022399972232033438,0.49763212961489983,0.5248234451429238,0.41910635691763704,-0.02719131552802395,0.0785257726972628,0.7,20.0,0.0,0.8111776888608002,0.15374550246549679
0.03,1.0004955777565203,1.0234928135782202,-0.0033669997658982015,0.1535846301652074,0.44045535043127065,0.4013260189343377,-0.045445344343397864,0.4067769709050585,0.15240549828178696,0.015,1.0,4.668334544019348,0.0,0.026774275704038508,0.4398348813209494,0.3413575847311147,0.440661111748143,0.09847729658983467,-0.0008262304271935972,0.4,20.0,0.0,-1.1929016806806698,0.34217625295464177
0.066,1.0062922070987512,1.074786585230577,-0.055545794810974325,0.20887615237719934,0.521250877561167,1.0888204127682626,0.034999380143461156,0.12181227569349637,0.09641652066705599,0.033,1.0,5.79591392003649,0.0,0.011269605152969167,0.5454757818101869,0.5816492461737677,0.5212021588629306,-0.03617346436358082,0.024273622947256213,0.4,20.0,0.0,-0.13304940708101354,0.24883473538060144
0.044,0.9998300005442262,1.0602015107566767,0.0027483871124357254,0.17057436108567783,0.5621794673193502,0.5963222926814443,0.02506395815646345,0.15258849299367253,0.127092050209205,0.022,1.0,5.004653087121495,0.0,0.019385690483208914,0.5563342318059299,0.5684986981122628,0.5619700427768093,-0.012164466306332944,-0.005635810970879396,1.0,20.0,0.0,-0.029507141902607614,0.1705725992218886
0.067,1.0222653082414173,1.0985246279961665,-0.09748518877784562,0.0747136623852788,0.5409597159911713,0.25128641358734544,0.01929239570853708,0.9626258536232505,0.11304410423765418,0.033464094319399784,1.0,5.851617517023083,0.0,0.03882459958912638,0.5835525674753971,0.5100199816102737,0.5410084346894076,0.07353258586512335,0.04254413278598945,0.4,20.0,0.0,0.8213555812278406,0.16621535155049202
0.031,1.0006941445460649,1.0332119858680764,-0.004601661081656515,0.2874403838388353,0.4495356037151703,0.903555415888186,-0.08030003777705752,0.1198706089127898,0.1616898032557675,0.015484004127966976,1.0,4.588432483498855,0.0,0.05638715285859719,0.44901022610000935,0.5249700810734761,0.44944178628389153,-0.07595985497346674,-0.00043156018388218476,0.1,20.0,0.0,-1.1871605397139917,0.3674876807266692
0.064,1.0004945053329455,1.0616828006105223,-0.0037902219232839526,0.09817723580291708,0.5295029045029046,0.32549864343746554,-0.02699489363414842,0.4668512480817928,0.10182959401709402,0.032,1.0,5.825513758179452,0.0,0.02822598967479867,0.5299584674584674,0.49757296955882296,0.5294520294520296,0.032385497899644455,0.0005064380064377927,0.7,20.0,0.0,-1.161563228122489,0.39471485131236683
0.032,1.0081586676223646,1.032790995126685,-0.04102862782029426,0.390716402468707,0.5369484511091726,1.1443910179770738,-0.07949526611882984,0.12801321217126765,0.16948605371900827,0.016,1.0,4.817711102735516,0.0,0.03481130103342703,0.5816815346900149,0.5239470120642961,0.5372489582477468,0.057734522625718876,0.04443257644226817,0.4,20.0,0.0,0.524299997774754,0.28489891764591846
0.048,1.0030254841229136,1.0635106890066013,-0.033471414065431304,0.25279851512578544,0.5693065971602219,1.2451384823850433,0.045043410148476015,0.04899701302304783,0.1446953781512605,0.024,1.0,5.474267592177459,0.0,0.029338894079191498,0.5730460405795951,0.5821134456906248,0.5692412902009801,-0.00906740511102977,0.0038047503786149406,1.0,20.0,0.0,0.32842070152477154,0.21326195195997674
0.096,1.0007023656897385,1.1469399197062615,-0.009740596901561899,0.17092254773709706,0.4988905176270417,0.9680737621404852,0.02669012101577356,0.14406037027702787,0.09153761061946902,0.048,1.0,6.383195586867145,0.0,0.013291098225251638,0.4971292344136176,0.46716907710870226,0.49882118930276564,0.029960157304915358,-0.0016919548891480285,0.2,20.0,0.0,0.10992743487411882,0.20449462773517899
0.021,0.9998662095636104,1.0219459517633034,0.0034279925336185013,0.21199858786604645,0.6350613452262578,0.47420003981745706,0.03195329812785741,0.6342666684923253,0.1961306483778394,0.010489274770173647,1.0,4.184017433816782,0.0,0.04333131622294957,0.6318527035586753,0.3529055210701615,0.6353530399233106,0.2789471824885138,-0.0035003363646353147,0.1,20.0,0.0,0.06656713546191728,0.1681965252929362
0.066,1.0054940946444717,1.0907363631745954,-0.05062772611764055,0.27185325285824274,0.5177173665919647,1.308759580688442,-0.04152961698094332,0.06832917252209438,0.12822010252417104,0.033,1.0,5.800119058218134,0.0,0.024248498915707697,0.534950825344716,0.41759704507242706,0.517474553849152,0.11735378027228899,0.017476271495564077,0.1,20.0,0.0,-0.045723912753742546,0.2495386963870535
0.065,1.0004558615047094,1.0980498774484728,-0.003379808514136863,0.1593944704569799,0.6175338000096843,0.7065754990678974,-0.0477291357870242,0.19883735903533672,0.14333607568901688,0.03246524064171123,1.0,5.7981959533600715,0.0,0.06867765487269677,0.6168819866569063,0.4205828839358898,0.6174365187628854,0.19629910272101653,-0.0005545321059791108,0.1,20.0,0.0,-1.2155419848827618,0.3957057387581227
0.052,1.0005807643747717,1.0584559071682185,-0.003860012606327467,0.12010096287421182,0.41310567827693667,0.35982574923808475,0.03146206472665375,0.4486274428596738,0.1103132099967543,0.026,1.0,5.281126373876201,0.0,0.02909808771727114,0.41335043159317175,0.5344288461240693,0.41298502523372216,-0.12107841453089752,0.00036540635944959377,0.1,20.0,0.0,-1.224497371043484,0.3922469449619786
0.06,0.999792704258196,1.0667512561189374,0.0016482497012721368,0.21875038400180735,0.5510435956397577,1.0949043120871522,0.03521521385290405,0.061329678920042124,0.11090425531914894,0.03,1.0,5.642042442519304,0.0,0.023092297938117803,0.5493968037551806,0.5417612953579568,0.5510968437760729,0.0076355083972238225,-0.0017000400208923017,1.0,20.0,0.0,-0.09630029838860343,0.21461321966132865
0.077,1.0217906072491256,1.0882926515173859,-0.1074139967399872,0.05150423055868984,0.42694666354275473,0.1770188108371604,0.013454463920657633,0.37213178563532234,0.08861912735152172,0.03845828819068256,1.0,5.909097525155868,0.0,0.00865570894096239,0.49997652727294417,0.5375214837483583,0.4269868947556244,-0.037544956475414115,0.07298963251731977,0.1,20.0,0.0,0.8349499938017608,0.35549480972946584
0.083,1.0063690913249732,1.0935978847928987,-0.0630031838807219,0.20071541214310323,0.47110479285824836,1.0070161757101275,-0.030435058094518297,0.14968545142955533,0.07496945251014965,0.04145474372955289,1.0,6.234479526925805,0.0,0.01174250640041287,0.4890984721487596,0.49224248191254566,0.47118260175958665,-0.0031440097637860376,0.017915870389172972,0.7,20.0,0.0,0.060714832644850336,0.25878696553369634
0.073,0.9997277219336638,1.0828026306012677,0.003804373464908372,0.1379331857446838,0.3933782811938152,0.587793201083792,-0.02026334309998601,0.24061489042090933,0.09933354021663637,0.03646062567421791,1.0,5.932532568322866,0.0,0.009572682199325902,0.3922419992808342,0.5279301093947787,0.39333333333333337,-0.1356881101139445,-0.001091334052499171,0.2,20.0,0.0,-0.13209603313144758,0.2028276461181486
0.009,1.0000383029656763,1.0155541269679846,-8.46270718813831e-05,0.24667981608325673,0.7862258028421172,0.4100733707245878,0.08408889057022434,0.3896570052320045,0.41122883731360016,0.004495459132189707,1.0,2.7668676784459745,0.0,0.1511825885546913,0.7875705697457963,0.43012565752247883,0.7855524021687165,0.3574449122233175,0.0020181675770798435,0.1,20.0,0.0,-1.208641872495158,0.27997382991899544
0.109,1.0001825809246905,1.1231815759582129,-0.007417078534098925,0.07193890830111298,0.5008088896977786,0.31998892648376903,0.02088735566548594,0.48029254238305774,0.06958216208980735,0.05443883277216611,1.0,6.493758763724698,0.0,0.013370973160180322,0.4955915511471067,0.4802294158159457,0.5007777137406767,0.015362135331160987,-0.005186162593570021,0.7,20.0,0.0,-1.2070936914914763,0.4523279183381545
0.038,0.9999406866433765,1.0470363996470635,0.0010234409698274514,0.24254590215994454,0.4445109267247118,0.8442181375994428,-0.037294171340786886,0.2761951312301073,0.14060619323777218,0.019,1.0,4.7878003541040615,0.0,0.017875563427373536,0.44246262347897863,0.5429967553419749,0.4443250426019118,-0.10053413186299626,-0.0018624191229331677,0.2,20.0,0.0,-0.057479181078743835,0.17923815333989623
0.042,1.0032937995585354,1.041679700150799,-0.02864971214938372,0.01437579966925419,0.4089822174951485,0.03563678781037007,-0.0024379526031905185,0.9636468222262634,0.10121532955562182,0.021,1.0,5.131082385531313,0.0,0.009250826204016016,0.43678487460815046,0.42669249329333586,0.4089822174951485,0.010092381314814602,0.02780265711300195,0.7,20.0,0.0,-0.28759725614973153,0.23991894065313657
0.01,1.0005868742834367,1.0110023697530504,-0.005907995178756953,0.07014392327654718,0.5022727272727273,0.055520990946240065,-0.007518655883257008,0.9600675440814348,0.2676767676767676,0.005,1.0,2.0577076805901484,0.0,0.05455965052237202,0.5042929292929292,0.4321034899476324,0.5023569023569023,0.07218943934529681,0.0019360269360269022,0.2,20.0,0.0,-0.19019245963814813,0.1700175263613582
0.098,1.0005200822978357,1.1135620518910898,-0.004354227205248702,0.010839347667978482,0.4716508523775966,0.004018467783328947,0.00017406225319016588,0.987512700192723,0.08567695370831259,0.049,1.0,6.439749957669795,0.0,0.007941948954475836,0.4728338478919875,0.4936672651207535,0.471720066109601,-0.02083341722876597,0.0011137817823865248,0.7,20.0,0.0,-0.2093743421344736,0.22107719504948578
0.083,1.0194829723551526,1.127727885731377,-0.10856784437779665,0.07505490706961933,0.5574954491005064,0.2938207072832128,-0.019686971113924034,0.49860879533642344,0.11616914769218642,0.04145474372955289,1.0,6.2594637873868475,0.0,0.03237513321733794,0.5855438147734301,0.5245602114534154,0.5574955766560824,0.060983603320014734,0.02804823811734769,0.1,20.0,0.0,0.8569534494234667,0.35442912018746425
0.09,1.0015019127607903,1.0959511203321501,-0.013425811781555552,0.013782137538714396,0.4939957153610098,0.049682140254731805,0.004323228672772905,0.8915108341465082,0.07796092796092796,0.045,1.0,6.2725496577337765,0.0,0.014047870988035671,0.49469124544033355,0.504909414104549,0.4940323856947098,-0.010218168664215488,0.0006588597456237411,1.0,20.0,0.0,-1.1584470609260151,0.4306055166727177
0.017,1.0041464411914773,1.0110135204329684,-0.02181939083464224,0.1229313041233563,0.593511681294183,0.2309723027420539,-0.0342185390836863,0.4527258596648044,0.20043683801089102,0.008491353001017294,1.0,3.72515002020377,0.0,0.06682084587830775,0.6256894201205009,0.5771672636306783,0.5936810579879499,0.04852215648982261,0.03200836213255098,1.0,20.0,0.0,0.8748372792545944,0.2549806533854287
0.054,1.0000836476401305,1.060877200940937,-0.00027154620879663895,0.1914176992448685,0.5145878448269446,0.7994511339693372,-0.05743988464291716,0.1555765645477535,0.13095098269516875,0.027,1.0,5.689954841919762,0.0,0.02708754148535382,0.5140591163797915,0.5376446917634657,0.5145288698382932,-0.02358557538367423,-0.00046975345850164274,0.7,20.0,0.0,-1.2049431099663086,0.3780362548514022
0.077,1.0055022004399288,1.083336939765747,-0.05136317959157766,0.2202559545376693,0.5073845860979412,1.2853653967661025,0.03523055947498105,0.055741350492180645,0.11777658960757552,0.03845828819068256,1.0,6.05747252021127,0.0,0.01595236663599868,0.5203191759380684,0.5242908739313533,0.5073412960546512,-0.003971697993284895,0.012977879883417254,0.7,20.0,0.0,-0.3415113319359593,0.2843949429297845
0.031,1.0020583949128579,1.0276804470820198,-0.021338269017882272,0.2562272810455548,0.5223473121305938,0.8942371468548906,0.04470055481763696,0.07819430651319684,0.14829887812510403,0.015484004127966976,1.0,4.59031013985536,0.0,0.027852743263582794,0.5276479969978423,0.5629242086478409,0.522253494699315,-0.03527621164999861,0.005394502298527226,0.4,20.0,0.0,0.09910125759305277,0.21626187759994672
0.088,1.0008693955238255,1.1179001377406148,-0.006017624055657731,0.21222754106576402,0.5098747227263561,1.2322175334515533,0.06126719100491784,0.056355127902719813,0.08702153110047847,0.044,1.0,6.357653476843424,0.0,0.02663803731952781,0.5063268804194395,0.48434199278644113,0.5098003629764065,0.021984887632998384,-0.0034734825569670003,0.4,20.0,0.0,-1.1455217762856602,0.4252017176206961
0.041,0.9997830608734366,1.0567064718765613,0.0031598790681028124,0.4611668148742382,0.6129067053636019,2.4343053531562724,-0.06933724456752105,0.009715063584500212,0.18642386632416896,0.020478623566214806,1.0,5.13471224056665,0.0,0.03191570256584725,0.6109380741385052,0.49567395326979063,0.6128320673579295,0.11526412086871457,-0.0018939932194242948,0.1,20.0,0.0,0.2599043379543331,0.1478836720148513
0.073,1.0013281970814183,1.0719472437847533,-0.008689691949452107,0.10671472483625434,0.47998381877022656,0.4063886042444763,0.029883275966379907,0.3742684587102114,0.08544649850009606,0.03646062567421791,1.0,5.90020830263765,0.0,0.02776431725715829,0.4832542250988852,0.570270495076445,0.4797608773822366,-0.08701626997755979,0.0034933477166486093,0.1,20.0,0.0,-1.226756688321889,0.4235770991232701
0.055,0.9999607690765729,1.0603275260790996,-0.0005103981074919758,0.06470927899349321,0.3904947554070361,0.19308343642163284,-0.009706378823856332,0.49131900411913143,0.1256854256854257,0.027470899470899472,1.0,5.443984467332142,0.0,0.006321734725728195,0.3890033726291036,0.5098914169068897,0.39055045019957296,-0.12088804427778604,-0.0015470775704693462,0.1,20.0,0.0,-0.11617653409171158,0.19037451464943336
0.075,1.0232179696416142,1.1164752157433562,-0.10847911906530028,0.07904765230600987,0.4898279606046596,0.27200907593738266,-0.019506783379471537,0.7834851022261841,0.08864864864864866,0.03745945945945946,1.0,6.078863712582317,0.0,0.015369110178882664,0.5421813138317993,0.4948184474697593,0.4898279606046596,0.04736286636204007,0.05235335322713974,0.7,20.0,0.0,0.8991440737796625,0.18205889990458335
0.024,1.0019791791574542,1.0332783454271375,-0.017842675759682458,0.2780985336293989,0.5725837659273242,0.8483950375732701,0.04753598552273419,0.2757584563681219,0.16290983606557377,0.012,1.0,4.263936649563014,0.0,0.034866332289516674,0.584493078496146,0.5279801694083023,0.572711577788265,0.05651290908784368,0.011781500707880976,0.2,20.0,0.0,-0.11810190754921868,0.2076542267690935
0.019,1.0057810216138299,1.0186949590962817,-0.026147268602828788,0.2594602283516121,0.5194165331780011,0.5615452059972145,-0.06737132644442045,0.4878558484188741,0.1514029722624604,0.009490316004077471,1.0,3.7350891320161943,0.0,0.03835440576152932,0.5782728993738169,0.48919042513600525,0.5193922625115285,0.08908247423781163,0.058880636862288394,0.7,20.0,0.0,0.656264381881936,0.13780393093832938
0.006,0.9999725112584472,1.0053449420541218,0.00034583320944272383,0.1038703054821286,0.2648024120651791,0.09694409722815385,0.01590609023414169,0.6815722903815397,0.27246814218645204,0.003,1.0,2.5169988616751953,0.0,0.024421258244028576,0.26278983001492373,0.0,0.26530593673788805,0.0,-0.0025161067229643175,0.0,20.0,0.0,-0.2320319404804816,0.1410316260610904
0.014,1.001100958237432,1.0129131815416756,-0.010230348220021779,0.1045970878218185,0.549838757506116,0.2177576641721278,0.022281343189824054,0.7362049170230704,0.22384815995363666,0.007,1.0,3.733859024477031,0.0,0.04734110330892684,0.5537913608619368,0.5068381264125944,0.5494322534410755,0.04695323444934241,0.004359107420861319,1.0,20.0,0.0,0.028472722419095486,0.17860720623341245
0.076,1.0016841463998385,1.0809863002910685,-0.01067141423906922,0.020977857493862783,0.44008991008991005,0.079693551118106,-0.00718353343223449,0.8255384470649786,0.09038220551378445,0.038,1.0,6.014498067752243,0.0,0.017921675716452673,0.44434898434898434,0.39929839915643556,0.44013153513153513,0.04505058519254879,0.0042174492174492095,0.1,20.0,0.0,-1.1848917185361938,0.4081596464290874
0.018,1.0048831148649338,1.0369885279751154,-0.023231019593393132,0.06848484356013136,0.39131713947108887,0.11903336959752954,0.018517633440440495,0.5468929144456003,0.20807875084860827,0.009,1.0,3.9656059526613907,0.0,0.02453452098898244,0.46007216379503246,0.6063043323865144,0.39114776277732194,-0.14623216859148191,0.06892440101771052,0.1,20.0,0.0,0.32769221459132103,0.2687411472288709
0.103,1.0342283507588799,1.1622397345494195,-0.15101340359474746,0.03607250709619063,0.4971539117319168,0.14392847017584026,0.009566840635807317,0.8376011008661681,0.09072582827331666,0.05144258639910814,1.0,6.612015718148879,0.0,0.023436022417164373,0.5492875411033978,0.5229939579267988,0.4970236924201119,0.026293583176599022,0.05226384868328593,0.7,20.0,0.0,0.567650323736467,0.1921746216782174
0.016,1.0000036552841456,1.0132162606638004,1.822733411048147e-05,0.24798061049298722,0.4632452574525745,0.5819335959431936,-0.08293214564778745,0.251728002106243,0.21201727642276424,0.008,1.0,3.883589438657284,0.0,0.050131397127880964,0.4627371273712737,0.5538853456218412,0.46341463414634143,-0.09114821825056751,-0.0006775067750677266,0.2,20.0,0.0,-1.21943426387232,0.3173306345456456
0.068,0.9999831504959439,1.0936056016835813,0.00037445546960182454,0.004764432857122399,0.4831274370452608,0.027559779300230326,0.0013991058730503658,0.8668489156307813,0.0957618025751073,0.034,1.0,5.9916864895753035,0.0,0.0100600832631689,0.4815020227484206,0.5368543493543495,0.4831779732994202,-0.055352326605928925,-0.0016759505509996164,0.1,20.0,0.0,-0.16884471962008707,0.18763272944822754
0.086,1.0076663146145013,1.1161929520543752,-0.07019599810343813,0.06865407697252328,0.47816612616901205,0.3375436908839897,0.013252394283170044,0.6266824581160038,0.10307999592896036,0.043,1.0,6.367403158078918,0.0,0.016630102723721202,0.49827442758960716,0.49129892407625975,0.47820503420790533,0.006975503513347414,0.020069393381701828,0.7,20.0,0.0,0.005879143726930547,0.2585690026585344
0.081,0.9994632823627794,1.1098627726763886,0.00898045612934606,0.18623597680119286,0.49508588304157203,0.9422741153880104,-0.027343514276135572,0.10418828777497255,0.10454197396526015,0.04045593035908596,1.0,6.123474787160741,0.0,0.013251701542423222,0.49411720023728845,0.5180622444014849,0.4950455376853225,-0.023945044164196405,-0.0009283374480340556,1.0,20.0,0.0,-0.11419277846437437,0.22456572771226815
0.083,1.0272269429030831,1.136196987146543,-0.12128113109208094,0.04780325449672581,0.5209182924333465,0.18058441331613606,-0.013585943296800573,0.8120867853018889,0.09881620265139072,0.04145474372955289,1.0,6.257678841493463,0.0,0.02897107066918092,0.5709709539890976,0.45723938136772596,0.5208779470770971,0.11373157262137162,0.05009300691200047,0.1,20.0,0.0,0.8063125613348237,0.183032596406211
0.054,1.004294369707347,1.0634144522707631,-0.03944599706730856,0.00052112367605066,0.3719682762931708,0.012166529586510464,0.0007928458363411495,0.8712728785736563,0.08579985905567301,0.027,1.0,5.507711854731796,0.0,0.008778676206239497,0.3931626221358992,0.5184863245384842,0.37190948734549295,-0.125323702402585,0.021253134790406247,0.4,20.0,0.0,-0.07443754178234929,0.21850785599626596
0.038,0.9999027770569077,1.0570490334744844,0.0013525515508702735,0.01298863132493286,0.4328483205527598,0.024669319379891478,-0.0033283075339831103,0.9778425275439199,0.13736459131195974,0.019,1.0,5.007871935241725,0.0,0.018991036999934555,0.4320318116462977,0.3331542258711029,0.43276178541949567,0.09887758577519484,-0.000729973773197945,0.2,20.0,0.0,-1.2156974010923516,0.3573756319963368
0.052,1.0011803909828072,1.0536175603726916,-0.008234421828774638,0.38914085274342675,0.6114972008493974,2.1714657118075453,-0.1123263504686976,0.006414279495749141,0.1778440441415125,0.026,1.0,5.506880593526935,0.0,0.06972122524561708,0.610704337993988,0.36530236768909913,0.6117419541656325,0.24540197030488892,-0.0010376161716444399,0.1,20.0,0.0,-1.165369561976643,0.375668530707392
0.1,1.000835509628645,1.1361170594836971,-0.00637812552355075,0.04317564953692747,0.4751673598732422,0.15122736121415684,-0.005978149002770494,0.9532890047088147,0.10277777777777777,0.05,1.0,6.49999549571291,0.0,0.011662709750825132,0.4747653000594177,0.49973838112924734,0.47513368983957216,-0.02497308106982965,-0.00036838978015446555,0.7,20.0,0.0,-0.18129612995219402,0.23658754069784518
0.021,1.000641133756681,1.009628907327216,-0.004096526901359074,0.16078912001644988,0.4280805059495891,0.33431559790230064,-0.04607255716990377,0.4837824576505445,0.15712096891872174,0.010489274770173647,1.0,3.9827510911003956,0.0,0.039501383288547645,0.42881085944067876,0.5996597282381582,0.4280805059495891,-0.1708488687974794,0.0007303534910896858,0.4,20.0,0.0,-1.182813254080851,0.33009304199813183
0.008,1.002568587989099,1.005591840378323,-0.011106077970401085,0.28445515440004154,0.3566968781470292,0.48856528712284364,0.09265509691415691,0.2843717785876483,0.21446572580645162,0.004,1.0,2.731186263363742,0.0,0.05392006977641482,0.4153407183618664,0.4657904344651333,0.35636017781032886,-0.05044971610326687,0.058980540551537564,1.0,20.0,0.0,0.6745773177588985,0.11060084813531713
0.096,1.0086139752832075,1.1356380587473776,-0.08072201452098349,0.07807910475246711,0.43326077350700026,0.3423295997574526,0.013058665937114966,0.30053917877573766,0.07893160029498525,0.048,1.0,6.450348080853682,0.0,0.006390830278440188,0.4604233817737784,0.514577592911408,0.43326065891472876,-0.05415421113762964,0.027162722859049637,0.4,20.0,0.0,0.27607704793634413,0.24109222264530378
0.067,1.0001105913170578,1.1049584279163913,-0.002030281031636688,0.04131817603653616,0.45094450728450447,0.1213290118194991,0.005718613272510165,0.737287791436047,0.0953592167778471,0.033464094319399784,1.0,5.804543812692047,0.0,0.008904985120429212,0.45034929188431216,0.4466641666522186,0.45098898957419853,0.003685125232093578,-0.0006396976898863649,1.0,20.0,0.0,-0.004741521833896201,0.19931196413249364
0.084,1.0089013963787796,1.133667582863136,-0.08089664097050853,0.051947669801427794,0.5363023169194818,0.24793787581866583,0.010695125476481604,0.6734916687433526,0.09790237055520898,0.042,1.0,6.190461575274963,0.0,0.016855843515021438,0.5494282959085274,0.5110068940955199,0.5362632849132367,0.03842140181300746,0.01316501099529066,0.2,20.0,0.0,0.5084262324915731,0.23915172306492205
0.043,1.0008570021442946,1.029466230756955,-0.004632842589469318,0.0019107450981035268,0.4241279793003931,0.005084094607619712,-0.0006649185892141363,0.972874340019839,0.10615780904473768,0.02147753396029258,1.0,5.144145329755991,0.0,0.021924004529474572,0.4257252326217844,0.4040710728824876,0.42420261730606557,0.021654159739296797,0.001522615315718845,0.7,20.0,0.0,-1.2502078843927626,0.39341340317677154
0.015,1.004551331781322,1.0169284303734205,-0.02102873266790528,0.061929536562335595,0.4666567820693405,0.15816261974461598,0.025693680849473932,0.8302481200575147,0.20050761421319796,0.0074923857868020305,1.0,3.4034380483737308,0.0,0.040974872764904816,0.5206631329231226,0.4961965445903471,0.4666561642820075,0.024466588332775485,0.054006968641115094,1.0,20.0,0.0,1.0604061746593167,0.12468500873927942
0.085,1.0282691410560472,1.1066554157202249,-0.1256886937792483,0.051428457332496375,0.4596893590675388,0.18061836415792734,-0.012462715317413608,0.6255397507190291,0.08145290903246545,0.042453551912568305,1.0,6.2046421662192,0.0,0.012147172786452012,0.5140057605857492,0.49813263468724395,0.45965032706129366,0.015873125898505258,0.05435543352445554,0.7,20.0,0.0,0.9195880160930545,0.1750287697534725
0.026,1.0000307173629448,1.0277331732044275,-0.0005421697625507954,0.28922605570129484,0.4239226548485808,0.9019111416890239,0.04481710187470367,0.16034106557373218,0.14675801611119887,0.013,1.0,4.093771005876434,0.0,0.020191199600936377,0.4237663114206323,0.549795615410935,0.4239230065773276,-0.1260293039903027,-0.00015669515669530787,0.7,20.0,0.0,-0.1705571943807036,0.16990195436382796
0.055,1.0044236727192506,1.0663560156299479,-0.04031153474107618,0.010175143827101184,0.5294223212351867,0.06003306705869743,-0.00354209672225142,0.6729166575837188,0.13150553150553151,0.027470899470899472,1.0,5.375291886156897,0.0,0.019339828051294194,0.5390451437235063,0.47032359399411594,0.5293047433398311,0.06872154972939037,0.009740400383675185,0.1,20.0,0.0,-0.12401857786899395,0.2398114833460563
0.084,1.0252660576735166,1.1135062335398662,-0.11925762951117713,0.08760914914027099,0.5304578479843668,0.3932127543886553,-0.024901416877809446,0.11038547405795396,0.12979569557080475,0.042,1.0,6.150196683750948,0.0,0.02747052624320015,0.5705156561713939,0.4171729659281967,0.5305361671080089,0.1533426902431972,0.039979489063385,0.1,20.0,0.0,0.8274850684828698,0.18787301407681892
0.016,1.0002142721166443,1.0191042275848086,-0.0011177152301959595,0.043757703135544564,0.5369579945799458,0.09505563785999206,0.01809426813803089,0.8059629564629437,0.15853658536585366,0.008,1.0,3.416734339328763,0.0,0.03269696191660984,0.5349254742547426,0.5657327705914185,0.5367547425474255,-0.030807296336675893,-0.0018292682926829285,0.4,20.0,0.0,-1.1910553694367294,0.29468044147577405
0.091,0.9993999471673514,1.1428993473873001,0.008732986170196765,0.12885979899624633,0.5050687864485374,0.5941928867324144,0.018777832644424897,0.15528360297472626,0.10532646671260533,0.04544994499449945,1.0,6.48564099701342,0.0,0.01342028475048565,0.5050924447283438,0.5426852583318004,0.5051409442019471,-0.037592813603456565,-4.849947360330287e-05,0.1,20.0,0.0,0.03484307983391366,0.21407509857314516
0.086,1.0042400042198316,1.1217537378917044,-0.04916384821579056,0.10234075658164142,0.4756456928074851,0.41191915848802846,-0.015204556583757411,0.42734303261293394,0.10182051803979442,0.043,1.0,6.339276952161661,0.0,0.010894397428355213,0.47936834383868093,0.4263872827487984,0.47564594074218897,0.05298106108988254,0.0037224030964919663,0.2,20.0,0.0,-0.21257643194307851,0.2615512859968959
0.083,1.0007569673952779,1.1091878100824302,-0.013148648756820702,0.022150906638504858,0.41931257560030016,0.06722863842771758,0.0030779227733625514,0.9588527660509181,0.07896033424866314,0.04145474372955289,1.0,6.1582310064175445,0.0,0.0030756243616084505,0.4234859625561079,0.5054483715620209,0.4192320124433771,-0.08196240900591306,0.0042539501127307755,0.1,20.0,0.0,0.1339051635807773,0.19524979465342013
0.011,1.0000912721435804,1.0057841284709625,-0.0007166762688535153,0.16126599126401242,0.39368200751179466,0.2228732842553518,0.04598747081835386,0.5679623100878424,0.25572203327511717,0.005494438827098079,1.0,2.9807467473667133,0.0,0.0714415660557214,0.39124169762467637,0.4115833190053955,0.3933453071750943,-0.020341621380719155,-0.0021036095504179397,1.0,20.0,0.0,-1.1765717608294362,0.29186924261581787
0.017,1.001188098066826,1.0271534090566055,-0.011042793659890915,0.25984306905246896,0.4495372442256533,0.5174634292193742,-0.039598845335585,0.2563957934867911,0.17380767159356114,0.008491353001017294,1.0,3.6072589841880176,0.0,0.025503503026693318,0.4597394188773692,0.3847260668825931,0.44896084549530507,0.0750133519947761,0.010778573382064116,0.4,20.0,0.0,-0.18808811510922485,0.17264523625104095
0.066,0.9994159913303104,1.0632514096865435,0.006069302074124719,0.23837840055396584,0.6318858883167565,1.1856335753409866,0.035100401659725444,0.02489083557855558,0.14424761533969244,0.033,1.0,5.682725109630978,0.0,0.03444730712662489,0.6312052318885116,0.49677370631556084,0.6320318882617919,0.1344315255729508,-0.0008266563732802767,0.2,20.0,0.0,-0.19389432323442124,0.20660687510322676
0.106,1.0050733395258444,1.1410449920434698,-0.03135253732305329,0.11828439117020331,0.5381041156208942,0.6706406823237077,-0.03736324906703148,0.20576036873128756,0.09669811320754716,0.053,1.0,6.513473990382757,0.0,0.03572576204258179,0.5343125244131955,0.4234170256083041,0.5381351869606903,0.11089549880489147,-0.0038226625474947484,0.2,20.0,0.0,-1.2199284719485977,0.46498827824835637
0.06,0.9999289105247398,1.0682519378284752,0.0006121638959057517,0.02492919084637675,0.4397700833655536,0.09566154297726594,0.005001592625603124,0.48387617980686926,0.11134751773049645,0.03,1.0,5.651427197119389,0.0,0.01157168343863857,0.4376967976502988,0.3996219404819554,0.43955742998039654,0.03807485716834341,-0.0018606323300977556,0.4,20.0,0.0,-0.04808077350627826,0.19167952482775932
0.036,1.002536228410116,1.0580654217879844,-0.024049910970906474,0.0262979050889608,0.4416000722380243,0.06310624923755696,-0.004682487697705129,0.38679497684182107,0.12840018441678194,0.018,1.0,4.969801016696244,0.0,0.010218437442210238,0.4493581350550062,0.4058980434878304,0.44142753945679586,0.04346009156717584,0.007930595598210355,0.7,20.0,0.0,-0.08458100415967218,0.21156349087065054
0.087,0.9991314695081691,1.1092440445530827,0.005588502748027507,0.045179113538394634,0.45772738091696175,0.15310287141960915,-0.012202020342329645,0.7034117077822013,0.07267943246339591,0.04345235487404162,1.0,6.210792787794913,0.0,0.015205791015865111,0.4575060991937164,0.4413674915878685,0.45776519095930895,0.0161386076058479,-0.0002590917655925784,0.4,20.0,0.0,-1.1888047177348313,0.43244189189908944
0.036,1.010687977868545,1.0389823665534106,-0.050212165201435566,0.10377237288955193,0.6151895495658194,0.20174400017537963,-0.021522243572996647,0.9988275922288068,0.15862724757952973,0.018,1.0,4.810967949992687,0.0,0.04593520865063514,0.6545068679871605,0.54023180171278,0.6153626198323476,0.11427506627438055,0.03914424815481288,0.2,20.0,0.0,0.9402772818448106,0.15401929931468036
0.02,0.9999723477942716,1.0191752828468468,0.0014350972801804585,0.1631465696259458,0.326811969041946,0.35377564965727776,-0.02636342172830325,0.36161897646932617,0.17270408163265305,0.01,1.0,3.943404184915631,0.0,0.014896994646651354,0.32625240361492963,0.47549376438294333,0.326520274344893,-0.1492413607680137,-0.0002678707299633709,0.2,20.0,0.0,-0.00797302842023262,0.15155277474819165
0.07,1.0053253718771809,1.0877093856443911,-0.049469551388616195,0.08769660650463523,0.5403069970391149,0.3022345165799523,0.013519022062221997,0.5564552204444755,0.11240399385560677,0.035,1.0,5.887238825218325,0.0,0.020463294817198163,0.5529297179367306,0.4841585509061237,0.5406323048153343,0.06877116703060693,0.012297413121396317,0.1,20.0,0.0,-0.10824674522064903,0.2834842539060636
0.05,1.0004183053942786,1.0426703914650013,-0.0021814486355823687,0.23744309381143733,0.5056679472092315,0.9766963508602421,0.06796586484205863,0.10842016001675078,0.11921052631578948,0.025,1.0,5.354023812132443,0.0,0.03116380738429203,0.505869561217451,0.40798058365827616,0.5055403725200498,0.0978889775591748,0.0003291886974011726,0.2,20.0,0.0,-1.1945858168390044,0.3664689194065999
0.061,1.0171087256492284,1.1159437154090293,-0.08365807569836625,0.021859209196029416,0.42923576246259953,0.062042719417931484,-0.005897529524900691,0.7421979886055518,0.08895493985579357,0.03046751863684771,1.0,5.825041139172169,0.0,0.012195882851327583,0.4929839241340839,0.5060107792968037,0.42933718748415234,-0.013026855162719841,0.06364673664993153,0.7,20.0,0.0,0.8081550185477111,0.3365590235986751
0.071,0.9989738006090026,1.0580338250678896,0.005315958769995271,0.04538867152956921,0.4453971058368926,0.1508877196082698,0.01348401659996118,0.6867279055954425,0.09831865249624766,0.03546178686759957,1.0,5.8635820070814555,0.0,0.011520890639159675,0.44651473155095206,0.5464072097124698,0.445443856655032,-0.09989247816151775,0.0010708748959200598,0.1,20.0,0.0,-1.217833869249232,0.41648834389509926
0.018,0.999831840660919,1.0168113296572843,0.0018962422207687187,0.3178975553054978,0.4055282066582134,0.8024561591680518,0.052446047219269265,0.14055853627826206,0.1793957909029192,0.009,1.0,4.008548490415375,0.0,0.03614045720268799,0.4085790590321805,0.34855344439301295,0.4055282066582134,0.06002561463916756,0.003050852373967128,1.0,20.0,0.0,0.048077457280641056,0.13700156474955363
0.02,1.0010447092413972,1.0272381756030953,-0.011212040180509475,0.04061697823399941,0.4093364042426912,0.07109010781658041,-0.006799750359685219,0.9922001059097941,0.15051020408163268,0.01,1.0,3.9510804941701894,0.0,0.007034805859892038,0.42085186763523,0.5300772144522145,0.40919033354447326,-0.10922534681698443,0.011661534090756764,0.4,20.0,0.0,-0.16632940533259388,0.2150740754689749
0.016,1.000883691615939,1.0226706960482068,-0.009747240744642394,0.03304167683262222,0.5927168021680217,0.07422540962303222,-0.008113511060732992,0.8195021587716884,0.1876270325203252,0.008,1.0,3.444205322450203,0.0,0.02981824344643398,0.5957655826558266,0.4077100795185902,0.5925474254742548,0.1880555031372364,0.0032181571815718124,0.2,20.0,0.0,0.04156399033134717,0.18767839768161776
0.009,0.9999385023448462,1.0129136615337795,0.001171020209923504,0.13480866579823647,0.4962240735654633,0.15454832969667298,-0.019313394483360946,0.6536701497154609,0.22805247225025227,0.004495459132189707,1.0,2.850793834152679,0.0,0.033967529645450925,0.5006011779425676,0.6591278349096857,0.4962250907870243,-0.1585266569671181,0.004376087155543329,0.4,20.0,0.0,-0.20864883462883999,0.13060232210654502
0.061,1.0176252263647205,1.059795015163306,-0.0843359156286112,0.05869516083369984,0.48348800649120144,0.22060409381315302,0.01818636226363063,0.30212211729621774,0.12465301419368356,0.03046751863684771,1.0,5.744285872654604,0.0,0.02309323393290455,0.546977534357726,0.41433741363229976,0.48348800649120144,0.13264012072542625,0.06348952786652456,0.1,20.0,0.0,0.7286390818133301,0.3365590235986751
0.01,0.9999474737076498,1.0075562459026972,0.0004034088364358347,0.22424743382787116,0.5746632996632997,0.37787250664693334,-0.07303979922385018,0.41452486950712886,0.253030303030303,0.005,1.0,3.1195759668791343,0.0,0.07958938933484307,0.5715488215488215,0.36330809029604216,0.5750000000000001,0.2082407312527793,-0.0034511784511785937,0.2,20.0,0.0,-1.23126144359559,0.29287772930243994
0.091,1.0242087216866433,1.127467471143504,-0.1261181499031827,0.10821079279306751,0.4977985970640075,0.4859772043467936,0.028907748594138805,0.30876770075714566,0.09098574692634098,0.04544994499449945,1.0,6.209676975539205,0.0,0.024213679720732073,0.5487455197132617,0.4553776168931957,0.4977252563966074,0.09336790282006596,0.05102026331665427,0.1,20.0,0.0,0.9705444975113529,0.35934633929964255
0.034,1.002761753695497,1.0475122596864501,-0.024432302639267323,0.2540877808492691,0.5572651985695464,0.7676434645451,-0.03872984652283487,0.15506411342471296,0.18208805261234928,0.017,1.0,4.802278458057054,0.0,0.023788568515611903,0.5675701110483719,0.4717301221551074,0.5570848233891712,0.09583998889326445,0.010485287659200648,0.7,20.0,0.0,-0.1668810193174699,0.2353964994304205
0.058,0.9989562891752267,1.0617846152762291,0.0052338458738224935,0.17530010748794828,0.5762180131858308,0.7305673710014521,-0.0519202355180125,0.1838025143858858,0.14983710374112305,0.029,1.0,5.646177091680192,0.0,0.04818033292665036,0.57660632472902,0.3756898277404687,0.5761649346295675,0.20091649698855124,0.00044139009945243224,0.1,20.0,0.0,-1.1949163207233906,0.40062656531020985
0.018,1.0045146549538226,1.0199635371082043,-0.023608886177903132,0.3337890188183989,0.5653882093102277,1.0533669056985644,0.10630334694093085,0.04168681612731884,0.23263181715320208,0.009,1.0,3.9126583561360704,0.0,0.06633223002030417,0.5896603557014163,0.5740968648218593,0.5655581039755352,0.015563490879556996,0.024102251725881096,1.0,20.0,0.0,1.0055352213825026,0.2559952136065952
0.073,0.9995172423568208,1.1205324162015646,0.008166260231460568,0.17908997532253546,0.5399658396260337,0.8661954302933293,-0.026268376413583372,0.18061546104973947,0.07793220138611813,0.03646062567421791,1.0,5.946896479474032,0.0,0.012496122424861228,0.541648687522474,0.56712290220788,0.5398795397339086,-0.025474214685406005,0.0017691477885654061,0.7,20.0,0.0,0.14615343735418485,0.17541895830671828
0.055,1.0160432961610149,1.0554872733762979,-0.07682720175185898,0.2072796676817138,0.535725115257279,0.8849098061554016,0.05545003189270786,0.09550478426754332,0.11416546416546416,0.027470899470899472,1.0,5.4268684393240605,0.0,0.040788693728350485,0.5803830564064483,0.4230662703227255,0.5356106315170642,0.1573167860837228,0.044772424889384044,0.1,20.0,0.0,0.8605424771922703,0.17111717782428892
0.063,1.000433331738912,1.0537395351153944,-0.0013513562472237395,0.017164257250619604,0.5147524644329756,0.07630373355081281,-0.003856726870092253,0.7847838687755687,0.12169876844369906,0.03146638207043757,1.0,5.701898211687796,0.0,0.01867095390720913,0.5133796507598424,0.4640148592242017,0.5146510394114229,0.04936479153564066,-0.0012713886515804962,0.4,20.0,0.0,-0.094569987923951,0.2106515744556345
0.067,1.004251445366795,1.1221420065865566,-0.04927087806142538,0.030801038176995657,0.40380387123012595,0.09194255920450822,-0.0047017343650288534,0.6328129482691698,0.08968421557805827,0.033464094319399784,1.0,5.860577524170672,0.0,0.007412511620807041,0.4267186050353952,0.4803253425045974,0.40375727073616074,-0.05360673746920219,0.02296133429923447,0.2,20.0,0.0,0.47929913342622443,0.22578062851424407
0.078,1.0021434802401277,1.1116017209612612,-0.01370266771009164,0.107833004956941,0.4635913760506594,0.43952339099380877,-0.030827871236921156,0.35839295108342717,0.09250375438011013,0.039,1.0,6.06029061288588,0.0,0.016685434995613813,0.46738576298836887,0.454144334645424,0.46359137605065953,0.013241428342944894,0.0037943869377093375,1.0,20.0,0.0,-1.1746450523071015,0.40981433797535305
0.02,1.0054747785339124,1.01351704974568,-0.026687714310405397,0.0102979808305178,0.33000348723318274,0.03066218881903073,0.005291497588674254,0.9666247450998691,0.15051020408163265,0.01,1.0,4.083409818828941,0.0,0.01984758368259018,0.4005300237078253,0.506807381322338,0.3296879685690402,-0.10627735761451274,0.07084205513878511,0.2,20.0,0.0,0.6509033106870623,0.27596433249090147
0.013,1.0000948424509146,1.0201818830473113,5.786722423231638e-05,0.3800117108817289,0.5692502532928065,0.8167760155509106,-0.11425992417386532,0.14735940568931077,0.22515782090250175,0.006493414387031408,1.0,3.568123059484874,0.0,0.06748345557225047,0.5707700101317122,0.5782859172767431,0.5696555217831815,-0.007515907145030809,0.0011144883485307844,1.0,20.0,0.0,-1.2224510153801145,0.3165542722495438
0.088,1.000375866389802,1.1308354973687176,-0.00828492209390462,0.20867656812025254,0.5155424480742086,1.3048540586061517,-0.03262145031958347,0.018270869726031518,0.10359350079744818,0.044,1.0,6.358147674135843,0.0,0.01677534283419889,0.515644535188546,0.558723999873136,0.5158071183706392,-0.04307946468459001,-0.0001625831820931678,0.2,20.0,0.0,0.10128351364222832,0.2069452275489889
0.072,1.0063301929888449,1.095898511845213,-0.05473205561934491,0.009057556087955908,0.4379104754613681,0.02410522694385224,-0.0013605973425441786,0.6856769179785385,0.07342552681992337,0.036,1.0,5.899591179044524,0.0,0.005378278397666747,0.4636074572850332,0.47646938804857325,0.43768617113825387,-0.01286193076354003,0.025921286146779354,1.0,20.0,0.0,-0.19806099786029696,0.27367570871512187
0.077,1.022150980152574,1.0986763145746525,-0.10699647165898085,0.03218429994610087,0.5670942683809134,0.11129900728827162,0.009176474691091618,0.6715206107837919,0.10513430231740092,0.03845828819068256,1.0,6.099898584881286,0.0,0.030609445217026396,0.6048494502240431,0.5700143158022771,0.5669675926679184,0.034835134421766,0.03788185755612472,0.4,20.0,0.0,0.6763731606704355,0.36072643066819576
0.092,1.0025675775043963,1.1224411494321038,-0.017358056085561666,0.1731472217005581,0.6107054577849723,0.8579788703483802,-0.04678232428687851,0.13343091617796443,0.14375837962076232,0.046,1.0,6.303626293889238,0.0,0.06321346249642593,0.611915359448784,0.4948158096570121,0.6106342479295283,0.11709954979177184,0.0012811115192556954,0.1,20.0,0.0,-1.1911269680294463,0.42408756167983364
0.023,1.0023508588481902,1.0214764160909307,-0.019060652576547765,0.0571453952361806,0.6538386817681295,0.05808380842120298,-0.005353948659220009,0.8579780083848425,0.21025989052556626,0.011488229273285569,1.0,4.10621506076065,0.0,0.0430690406996301,0.6644945953841659,0.43759811562573586,0.6538561540708779,0.22689647975843003,0.01063844131328795,0.1,20.0,0.0,-0.1886425111634744,0.20730009678238603
0.045,0.9997504536786548,1.0424533563270717,0.003950748992237643,0.0379338362453672,0.5536091778772324,0.10794254760160729,0.006492968834289847,0.7577433345841548,0.10110529377545084,0.022476439790575915,1.0,5.360778657273908,0.0,0.014118689756627875,0.5538889217483883,0.5435360213945355,0.5536790590791892,0.010352900353852834,0.00020986266919909013,1.0,20.0,0.0,0.0238033347802471,0.1841046590293945
0.092,1.0302127701019688,1.1183604728839287,-0.13554105410635686,0.08693653869784383,0.42598291731188365,0.41717852683442963,0.026367663110883843,0.15947811091034736,0.08179706952691056,0.046,1.0,6.3945683022,0.0,0.013624469612888296,0.49097654406899066,0.5603307235500528,0.4261629552544373,-0.0693541794810621,0.06481358881455335,0.1,20.0,0.0,1.0117789424077275,0.1735049362175028
0.045,1.0010160133621226,1.0375995725860196,-0.005977201655561277,0.11332354012812908,0.5145374806402783,0.3725536059374789,0.03577819181755093,0.41661358358508427,0.12446189645142525,0.022476439790575915,1.0,5.2831062418507955,0.0,0.031526296094807366,0.5200488949350368,0.49131956782226377,0.514607361842235,0.02872932711277304,0.00544153309280182,1.0,20.0,0.0,-1.1481553324473022,0.35356092926542254
0.007,1.0021230043079588,1.0226793256462656,-0.009579988486114965,0.49814857344101404,0.5241691842900302,0.6126394607921191,-0.11973974603710213,0.4896939903573564,0.30909221694720185,0.0034964753272910373,1.0,2.566030335377093,0.0,0.09254780397247839,0.5636119503188989,0.7480698220879489,0.5241691842900302,-0.18445787176905004,0.03944276602886865,0.4,20.0,0.0,0.777636316774966,0.11357711486828077
0.059,1.00489513234679,1.0919365118166633,-0.04497838639076657,0.022059657506540074,0.444917177102623,0.0596575728389568,0.0034415714503777117,0.8898656167456822,0.08425043678740611,0.029468650371944738,1.0,5.579670920308417,0.0,0.005522879539918549,0.4889272794325816,0.5400628243750288,0.4451383808925052,-0.051135544942447264,0.04378889854007639,0.4,20.0,0.0,-0.13689968621003112,0.22854311898383467
0.008,0.9999642288658085,1.0117723395420375,0.000632948953171425,0.37464075146194814,0.40065407346374116,0.6344089155948834,0.06613896282787102,0.23340547416585014,0.27646169354838707,0.004,1.0,2.4833121343522597,0.0,0.042136508967983086,0.39679371763963905,0.4495963652590158,0.4003173731270408,-0.05280264761937675,-0.0035236554874017445,0.7,20.0,0.0,0.0768198964488973,0.11901084848041195
0.033,0.9997604959856184,1.0287425420086846,0.0023329927644096075,0.18552535369883402,0.5363731929218536,0.516840761220385,0.02640805743199126,0.3682449519459198,0.17197048039860863,0.016482936918304034,1.0,4.725828150821334,0.0,0.028113728075826794,0.5383436503371891,0.46851506490695166,0.5362790841320927,0.06982858543023746,0.0020645662050964297,0.1,20.0,0.0,0.04705367941881944,0.1505838508340257
0.024,1.0018396622103178,1.0522742612891134,-0.016429615917151974,0.42588007096476177,0.5880745634733365,1.6910906865767779,0.07805101485990984,0.05128576360291823,0.18732923497267762,0.012,1.0,4.1085390790359115,0.0,0.02823549064938706,0.5926848356142835,0.5817632536616858,0.5883309737297467,0.010921581952597736,0.004353861884536792,1.0,20.0,0.0,-0.25320401509515156,0.20880042613619695
0.019,0.9997973150273266,1.0205888340332918,0.001129719048509155,0.033387605797964175,0.3886219115576914,0.06909139434640438,-0.012466487722529007,0.8136022731042329,0.14382477600729654,0.009490316004077471,1.0,3.799773320110625,0.0,0.03159177792302806,0.38733556623464876,0.5667785568906873,0.3886219115576914,-0.17944299065603858,-0.0012863453230426147,0.1,20.0,0.0,-1.158355016910173,0.3070246529257968
0.094,1.0053718079213116,1.0973768767082284,-0.0617938067802255,0.10302474148803771,0.5403926778466138,0.4701812151195179,0.01673783691697872,0.3628164925240306,0.1030364942933634,0.047,1.0,6.465629793843442,0.0,0.016867873200090366,0.5495943263547675,0.4601013512315026,0.5403915651926225,0.08949297512326487,0.009202761162144912,0.1,20.0,0.0,0.16258462818658215,0.2541694466198228
0.022,1.0000261346030417,1.024905726836206,-0.0008200548762293744,0.19579094948292058,0.5866016652059597,0.4162283059636406,0.02753900418406585,0.4169353284778867,0.22450734337237405,0.011,1.0,4.093155228215715,0.0,0.03941543177285338,0.5871311714869997,0.3376212410210832,0.5861634531113059,0.24950993046591646,0.0009677183756937602,0.1,20.0,0.0,-0.0118758744050389,0.15394132912841857
0.063,1.0149056943156205,1.081747116212438,-0.08228145686962174,0.010606842122757086,0.41470025655329174,0.03118414916401527,-0.0029355530519835082,0.7549827493370114,0.08634446307872135,0.03146638207043757,1.0,5.708845180950247,0.0,0.011893092661883042,0.4944557572353099,0.5510294188362677,0.4147509690640681,-0.05657366160095778,0.07970478817124177,0.7,20.0,0.0,0.9836928751521579,0.33348044190185916
0.069,1.0045435335473902,1.0772942373949679,-0.04575727504410776,0.113350314312415,0.42137038523576087,0.4161412957134117,-0.01672314379312284,0.4870097311086181,0.07686140817883216,0.03446294307196563,1.0,5.860430300466669,0.0,0.008171478511785374,0.44319685401568476,0.49391646670585576,0.42141713605390024,-0.050719612690171,0.021779717961784517,0.1,20.0,0.0,-0.0838057146340474,0.261367645330737
0.07,0.9990085617658723,1.0877746272979312,0.004271161901932961,0.047063457705838654,0.4898044257441172,0.15493555162653153,-0.01357751532805368,0.6922030358242051,0.09934715821812597,0.035,1.0,5.754800541245071,0.0,0.020419332779125943,0.48865318684743647,0.5864457381285012,0.48975767492597794,-0.09779255128106473,-0.0011044880785414657,0.1,20.0,0.0,-1.2020350959427912,0.4301851474300678
0.081,1.0011243698610028,1.0972426057948204,-0.006952658169668304,0.12666314443457294,0.5237425193532863,0.5883282289079914,0.037912461541573406,0.26977295381713406,0.1033631564099464,0.04045593035908596,1.0,6.081136953830081,0.0,0.02668999444669383,0.5253554136765765,0.3951554641421146,0.5238230786476867,0.13019994953446185,0.0015323350288897197,0.1,20.0,0.0,-1.161303560803965,0.41095078463978424
0.036,0.9997732561999608,1.0410755687128255,0.0033815829592502428,0.02987620368698729,0.5562894917324012,0.042910784745041196,-0.0031065222647491675,0.8964208678485791,0.14836906408483172,0.018,1.0,4.536739133980714,0.0,0.023857598104384342,0.5569806978279144,0.43940843270384106,0.5562897604750511,0.11757226512407332,0.0006909373528632967,0.1,20.0,0.0,0.04409474374935707,0.16724530335232804
0.038,1.0026838772576947,1.050618989505316,-0.0257475694658984,0.19516385899336366,0.5873905829805363,0.6502445524724407,0.032084858542450356,0.5044967194181063,0.16651165335375862,0.019,1.0,4.97516676720705,0.0,0.03529834229947424,0.594983624890167,0.5289619623935476,0.5874638050163751,0.06602166249661934,0.007519819873791911,0.1,20.0,0.0,-0.2010769801971688,0.21767703512707332
0.006,1.000563355021161,1.0034404228528948,-0.004635738388603761,0.09368126331728568,0.5212708841407928,0.12994659964856603,-0.022266681078875805,0.9531583591190577,0.3380281690140845,0.003,1.0,2.2573135426220925,0.0,0.04905195420989901,0.5222794501267912,0.5959669493684708,0.5217744088135018,-0.07368749924167961,0.0005050413132894338,0.7,20.0,0.0,-0.19556838190158343,0.14616270075097387
0.061,1.0000313854216736,1.0987503622333448,-0.004533374004793561,0.014443263898612963,0.4496374055479487,0.028715626183829432,0.0015962487009968385,0.7668867472163756,0.12124426054924144,0.03046751863684771,1.0,5.600213296981097,0.0,0.009760402639859375,0.4497794005781226,0.576417533739397,0.4495866930371723,-0.12663813316127437,0.00019270754095029874,0.2,20.0,0.0,0.15692855227733604,0.18269398206209866
0.039,1.0113573986797884,1.056933096611142,-0.05498653251491281,0.0864578077754238,0.42595579718827387,0.21690331439151742,0.022697880946489668,0.7296673082112799,0.09305877958323329,0.019479708636836627,1.0,5.21226799495747,0.0,0.01924419143723341,0.5013521946641105,0.5420178828181165,0.4257161614346194,-0.04066568815400595,0.07563603322949114,0.7,20.0,0.0,1.2125090620594383,0.15040231923793562
0.089,1.0004378578379196,1.1149320039258699,-0.0031893377914895653,0.09326042934066008,0.5067980917117726,0.38988154442644596,-0.02636563312545559,0.4088325505770065,0.0884816043611786,0.044451152579582875,1.0,6.391408698764222,0.0,0.024747495672047426,0.49837254596603037,0.5283486141819429,0.5067968313770276,-0.029976068215912532,-0.008424285410997212,0.4,20.0,0.0,-1.213961549237914,0.4449231492195232
0.04,1.0110127989133335,1.033072603963547,-0.05270786848616926,0.21189631201721393,0.5295386904761905,0.6207051132032435,-0.05182332523661756,0.5214099077981728,0.10859374999999999,0.02,1.0,5.080704217231203,0.0,0.0366397883769574,0.5705643315018315,0.4751426935961056,0.5295386904761905,0.09542163790572589,0.04102564102564099,0.1,20.0,0.0,0.4655538980396017,0.31808834869971647
0.018,1.0000664779722177,1.031350899094318,-0.0011753938202420378,0.0806801820900189,0.4077435709372384,0.1582253374583435,0.014158892003439894,0.90723245168554,0.1769631138266576,0.009,1.0,3.6873557748282404,0.0,0.023967712873498845,0.40604721414186623,0.6102900427963988,0.4077430529656978,-0.20424282865453253,-0.0016958388238315636,0.1,20.0,0.0,-0.22103155417104992,0.16167574686195946
0.019,1.0059719394280708,1.021648876795393,-0.02624666570987344,0.2986087902479416,0.4737876802096985,0.6011562120551623,-0.07098892834294124,0.43048793819684816,0.1568083051665862,0.009490316004077471,1.0,3.92113109815004,0.0,0.047345610635270194,0.5347313237221495,0.45852784561618476,0.47381195087617106,0.07620347810596473,0.060919372845978426,0.1,20.0,0.0,0.6261024695418889,0.13420578064839958
0.01,1.0003417858123698,1.0095693529256191,-0.0022626726922029966,0.2608388358593725,0.4164983164983165,0.39840803413687687,0.0759083506824263,0.389197443841224,0.25555555555555554,0.005,1.0,3.145323354223218,0.0,0.06509208412893618,0.4212121212121212,0.40239834718814466,0.4168350168350168,0.01881377402397655,0.004377104377104424,1.0,20.0,0.0,-1.171085853672118,0.2910364130811009
0.036,1.0026970274692475,1.0562725471499526,-0.023977343238998805,0.14642485023971616,0.49908009390943153,0.3990141000836863,0.02284744134897232,0.5723986538772715,0.13880244352236054,0.018,1.0,4.742132158728618,0.0,0.021067120773538464,0.5175728131335608,0.6155438181529695,0.4989935587761674,-0.0979710050194087,0.018579254357393438,0.2,20.0,0.0,-0.3157147438356467,0.214523992453789
0.063,1.0183683071871092,1.0755653416867064,-0.0892880630305688,0.059121294943952726,0.5615272787796749,0.17073796171451003,-0.014657773037054012,0.5073838077636925,0.10763412444308923,0.03146638207043757,1.0,5.748539732090318,0.0,0.027793749241827453,0.5764380572687282,0.5872388809928242,0.5614762411887012,-0.010800823724095965,0.014961816080027002,0.7,20.0,0.0,1.0741981884048064,0.17116357938494048
0.02,1.000078343879149,1.0258345235260125,-0.0005007765022792751,0.17403789140741438,0.5518833888282867,0.3935342410478009,0.054260348802262715,0.3720003106896912,0.21301020408163263,0.01,1.0,3.9942209959106623,0.0,0.06988783406383225,0.548676087258853,0.6025971093044263,0.5520294595265046,-0.053921022045573364,-0.003353372267651644,0.7,20.0,0.0,-1.2277800041571554,0.3411747367900775
0.05,1.0037715876870612,1.0690408019528403,-0.034011885802953556,0.05824832591010921,0.5243238492537933,0.16762180949934924,-0.009967167979923475,0.7713395850047754,0.12184210526315789,0.025,1.0,5.610899358337275,0.0,0.022143598664916317,0.5321730936514685,0.5336057165216749,0.5245789986321566,-0.0014326228702064014,0.007594095019311853,0.7,20.0,0.0,-0.1419015240181527,0.22771816513941218
0.041,0.9999506536306902,1.046372202951322,3.0203097218173963e-05,0.03151200093853652,0.4487481806986118,0.05930447879455229,0.0037897292956167172,0.9230205103414462,0.1013886416236425,0.020478623566214806,1.0,5.214997994341477,0.0,0.0061524080295072,0.4451884322573978,0.5688132131682363,0.44852496641289746,-0.1236247809108385,-0.003336534155499671,0.1,20.0,0.0,-0.004619975897671491,0.17831529596123794
0.076,1.0022315886948532,1.0709714840562452,-0.01618716961985059,0.1765779779988933,0.46687146187146183,0.8384077236882824,0.05041292053365243,0.14430574185837294,0.10927887901572113,0.038,1.0,6.013465682311612,0.0,0.02534908185703255,0.46858974358974365,0.423191051626866,0.46691308691308686,0.04539869196287766,0.0016766566766567848,0.7,20.0,0.0,-1.1300095494940885,0.40075049239285926
0.072,1.0220384694578977,1.1138879781218523,-0.10259742927506932,0.05729804636251076,0.5703065734071059,0.16709218199367554,-0.013650270756203953,0.8759599085657885,0.1124580938697318,0.036,1.0,5.776326209426674,0.0,0.03443079641273823,0.607491503404438,0.4943567351273444,0.5703065734071059,0.11313476827709362,0.03718492999733214,0.1,20.0,0.0,0.8483443034573921,0.17840323123942622
0.07,1.004097246335934,1.0799509437212518,-0.043711224631441836,0.06494646059298795,0.5484202119370422,0.175419836150091,-0.008338877023399749,0.6435001767898724,0.11543778801843319,0.035,1.0,5.7322944136023795,0.0,0.019201320443504408,0.5536874707807385,0.5694782379854947,0.5484202119370423,-0.01579076720475614,0.005267258843696276,0.7,20.0,0.0,-0.09256769589693281,0.2568074128873587
0.041,0.9991268635647318,1.0503104940690757,0.010245173991200465,0.09045119683093282,0.47212482201706346,0.252686278966306,0.014210021750620028,0.4275055212221741,0.1404855159083395,0.020478623566214806,1.0,5.013493623715598,0.0,0.010155201141979639,0.47221941133579065,0.5182235359234121,0.4721193318176076,-0.04600412458762143,0.00010007951818302718,0.1,20.0,0.0,-0.07166886488054569,0.18992387216114867
0.024,1.001604546449255,1.028936081523742,-0.015184749401341957,0.28171880367385727,0.5304935504168633,0.9045750929214081,0.05106501980445577,0.140464969174701,0.1483948087431694,0.012,1.0,4.247401906260781,0.0,0.03186216191621338,0.5424012899166274,0.48282450622860135,0.5304935504168633,0.05957678368802605,0.011907739499764092,0.7,20.0,0.0,-0.19362481532369102,0.2053802620596361
0.039,1.0001243058911164,1.0459765445578981,-0.0007535920468795315,0.3180106576219352,0.4393848849748383,1.2886551653288378,0.0900844104909444,0.04944207779881339,0.14089223298380427,0.019479708636836627,1.0,5.20290407690498,0.0,0.03722148231882089,0.44178773264637755,0.5858370140604023,0.43922487818515865,-0.1440492814140248,0.0025628544612188997,0.1,20.0,0.0,-1.160048992677734,0.35567864144624417
0.056,1.0165329577749422,1.0792015149508758,-0.07798318462797482,0.07319502339228987,0.4177295877895572,0.2461030528822769,0.019879280409179523,0.5949427376015105,0.09261501210653753,0.028,1.0,5.5180647442034605,0.0,0.016945107493481437,0.49559731285436204,0.523747561616679,0.41756488807928455,-0.028150248762316976,0.07803242477507749,0.4,20.0,0.0,0.8748646528916888,0.16948997444767025
0.022,1.0067614857799747,1.0145542490795847,-0.030557505540911523,0.31441706237880984,0.5551416885772714,1.1993583443476188,0.10378949747647476,0.07387750613954973,0.19827105409927498,0.011,1.0,4.095385689804382,0.0,0.06238223502314631,0.595968448729185,0.5381850662730313,0.5553973122991528,0.057783382456153665,0.040571136430032184,1.0,20.0,0.0,0.9049140706095473,0.13579544988763606
0.084,1.0017322934306558,1.099585759331994,-0.01238429467513108,0.003733613723090555,0.5227508125290189,0.009792993333157815,-0.000912081917308627,0.9809480091459012,0.09817529631940114,0.042,1.0,6.298528681050301,0.0,0.023592009381763437,0.5245064874765935,0.5781123091277914,0.5227508125290189,-0.05360582165119798,0.0017556749475745592,0.7,20.0,0.0,-1.1938808917110437,0.4069929979343022
0.053,1.0002449297316924,1.0595918088354503,-0.0020443301239429605,0.05090254037651858,0.4381631977685589,0.13948290482192155,-0.014261563469048277,0.7304341783434708,0.10999481978840828,0.026472016895459347,1.0,5.452889333065616,0.0,0.02341480830500775,0.4376378180589316,0.490858791285143,0.4381011476320486,-0.05322097322621139,-0.0004633295731170106,0.2,20.0,0.0,-1.1848357130738596,0.36894045366309497
0.072,0.9999820175052889,1.0763848015687998,0.0010816128009052788,0.09036095580217103,0.48885989026922316,0.3777632785212574,-0.015503580450943244,0.5250510434193526,0.10754909003831417,0.036,1.0,5.8546224852061854,0.0,0.014674360955763743,0.4860274500933756,0.4124722984629021,0.488904838129705,0.07355515163047349,-0.0028773880363293647,0.1,20.0,0.0,0.03230831710826276,0.19771185480832112
0.097,1.000309629306275,1.133450289743363,-0.007483771104408302,0.06410973909033849,0.5062942548407664,0.21153007707179441,0.008050919042092597,0.5019272116128576,0.08963820483839663,0.048446290143964565,1.0,6.433261194134209,0.0,0.01329055118999968,0.5061369509043927,0.44366374406148795,0.5061212205107554,0.06247320684290475,1.5730393637336526e-05,0.2,20.0,0.0,0.043476432227480544,0.2065972402255347
0.099,1.033460173073265,1.242577513214885,-0.14664681158176607,0.06065016728146917,0.5328423772609819,0.20515785467976758,-0.013950552967980423,0.7634217177425081,0.08535689861993968,0.04944506104328524,1.0,6.4916249573275335,0.0,0.02274808731448455,0.5879833775182611,0.48655051573671687,0.5328423772609819,0.10143286178154426,0.055141000257279194,0.1,20.0,0.0,0.7615007468934483,0.17565734045174008
0.004,1.000426732979178,1.002824971893156,-0.0033528951402229668,0.09105896401094878,0.5627510040160643,0.07646425972820153,0.01663424366908184,0.6774855413882883,0.41089357429718876,0.002,1.0,2.1938803085464014,0.0,0.046154681400642474,0.5,0.5,0.5,0.0,0.0,1.0,20.0,0.0,-0.15326834606486095,0.1616017148097386
0.087,1.006273611190834,1.1105806718222453,-0.05707866445836851,0.03608950473477447,0.48604276377773153,0.16527789859849365,0.007192590452188008,0.5951050690138777,0.10888066372071356,0.04345235487404162,1.0,6.225651472323072,0.0,0.01627962820744834,0.5003474804875387,0.4840542848926466,0.4860805738200787,0.016293195594892118,0.014266906667460055,1.0,20.0,0.0,-0.2421686446004716,0.28622722594720873
0.036,0.999611807773501,1.0375812763178276,0.001995331754621074,0.016610000732121738,0.5849178399970761,0.0956231984211492,0.012127573565889116,0.7984356494515283,0.17153642231443061,0.018,1.0,4.934420463338494,0.0,0.05844362522781493,0.5829329067849994,0.534115751395624,0.584831304863812,0.04881715538937548,-0.0018983980788125354,0.4,20.0,0.0,-1.2127555873306126,0.3640983044946648
0.007,1.0019998330238848,1.0055974952086069,-0.009277424657928357,0.14106035089136698,0.4986572675394428,0.1479537634353688,-0.0384177380251961,0.7248569805781975,0.27082434182132065,0.0034964753272910373,1.0,2.5026480784692944,0.0,0.05393766145589943,0.5483383685800605,0.36095849007985353,0.4988251090970124,0.18737987850020693,0.04951325948304808,0.2,20.0,0.0,0.5830703541451876,0.24354152365854265
0.052,1.0003229254167947,1.0595071824082805,-0.004828108448014776,0.025842350557807023,0.45281087118391666,0.05189336947410149,-0.0030506455304373237,0.6853950464400517,0.1185491723466407,0.026,1.0,5.314714355405478,0.0,0.007245745836852363,0.44944637489313594,0.5244072667386956,0.45269021814070215,-0.07496089184555971,-0.003243843247566214,0.2,20.0,0.0,0.19190620464762942,0.18389114423994346
0.079,1.000572677853321,1.1085799132885898,-0.00012394461525508382,0.06290161071638906,0.5566397851957027,0.2337190634454803,0.00941147608565951,0.4610412523596388,0.12092662076169271,0.039457111834962,1.0,6.13596089370789,0.0,0.01991603582501618,0.5565593573194008,0.4723353291386511,0.5567248531417913,0.08422402818074964,-0.00016549582239056004,0.1,20.0,0.0,0.012028174174882889,0.20858668296748856
0.066,1.0206092835127216,1.0837718395918876,-0.09367318993811846,0.10750551765260083,0.5182318797672495,0.33375085446214925,-0.02504952593588955,0.9099382531925162,0.10005839984426709,0.033,1.0,5.8367177227741776,0.0,0.030542763377316803,0.5792629797854878,0.4831861239119304,0.5182809107648335,0.09607685587355741,0.060982069020654284,0.1,20.0,0.0,0.6686763795073749,0.17862644674028946
0.103,1.0021283485221846,1.117664965457359,-0.014337055468907164,0.006452647234317813,0.44859147672446903,0.055501272483504525,-0.004453892559630468,0.9125165949641448,0.10110021538894481,0.05144258639910814,1.0,6.623740264161844,0.0,0.015411157056992308,0.4479553694387454,0.5696826734708577,0.44859147672446903,-0.12172730403211224,-0.0006361072857236083,0.1,20.0,0.0,-1.233084823186248,0.44184364397002635
0.07,1.0218699718057016,1.0679862392612118,-0.10203271414094339,0.06936276304446669,0.5577021972884525,0.2643162426118763,-0.020606540037374887,0.7061723183362663,0.11121351766513057,0.035,1.0,5.884115762432612,0.0,0.04335031317565491,0.6042251051893409,0.5529190319373484,0.5578463456443821,0.051306073251992546,0.04637875954495885,0.4,20.0,0.0,1.0496566053629648,0.1761554691516979
0.065,1.0032559422118206,1.0605778564778514,-0.03397407965193927,0.03485112098110985,0.5126778068900255,0.1096068330465418,0.005695379966369318,0.6387505310577989,0.11236116824352119,0.03246524064171123,1.0,5.644752138800322,0.0,0.013719645916605863,0.5190284364319734,0.4234316564905372,0.5127263694385881,0.09559677994143617,0.0063020669933853135,0.1,20.0,0.0,-0.42594268620639486,0.28985553673778375
0.082,1.001271087321982,1.129719848177622,-0.021386645787316083,0.027152804919601606,0.4114736429551244,0.06538574882289587,0.002948534902858957,0.9762820211926756,0.07835166586959988,0.041,1.0,5.86112518542012,0.0,0.008181084016837606,0.41001832831898194,0.4965703196855828,0.4114736429551244,-0.08655199136660086,-0.0014553146361424574,0.1,20.0,0.0,0.024702094733673352,0.19915501562431234
0.03,1.0026170561490084,1.059126562332941,-0.024244826095721872,0.15200419713017124,0.4726843888952592,0.39408820368420433,-0.025618673640224077,0.41407589302266246,0.12448453608247423,0.015,1.0,4.6219213127299446,0.0,0.015538477070193096,0.5000085999312005,0.5120939727170257,0.47247799054644596,-0.012085372785825221,0.027530609384754545,1.0,20.0,0.0,0.12820133279712342,0.17996553762484907
0.083,1.0015698213511717,1.101243588616167,-0.010551023978683356,0.026941220336575,0.40586207160459814,0.09979971409643308,0.008583111427152401,0.8241208154714795,0.0737114214765277,0.04145474372955289,1.0,6.163089753573992,0.0,0.01553929194445662,0.4070732117983806,0.46312486617686516,0.40578544849768816,-0.05605165437848458,0.0012877633006924127,1.0,20.0,0.0,-1.1972638711476118,0.41886778360621535
0.028,1.007732746886115,1.0312888032356196,-0.037124677551388485,0.28204943464662474,0.47562871513488797,1.0288887476474555,0.08582239150121412,0.19172180088645452,0.19282774838330394,0.014,1.0,4.426243732093231,0.0,0.03517988296163439,0.512814357567444,0.42843417452113103,0.47584590763603113,0.08438018304631295,0.03696844993141285,0.7,20.0,0.0,0.5382727318050611,0.28567671072190026
0.038,1.0003204322541324,1.0338487286031106,-0.0029056424169950044,0.019652996872430908,0.44304149359640016,0.0501976063137385,-0.0035268402352843786,0.7322287532300182,0.10575555312397418,0.019,1.0,4.913139408378996,0.0,0.013718480373200392,0.44286226602231277,0.2856797494826391,0.4432813789706313,0.1571825165396737,-0.0004191129483185341,0.1,20.0,0.0,-0.1842962771372858,0.19028616354493133
0.019,1.0009694492124428,1.0167586986750907,-0.009896338841116348,0.14776427992955543,0.5086403572642105,0.30441536328991287,-0.025260173269705255,0.4248891826904784,0.20034604860775793,0.009490316004077471,1.0,3.8704957191267333,0.0,0.027625908155555268,0.5148779185476433,0.6427283456387417,0.5093199359254406,-0.1278504270910984,0.005557982622202751,0.2,20.0,0.0,-0.35847989623499776,0.20517422044454306
0.048,1.013804129833909,1.0889838789273478,-0.06766669478977971,0.07889365266658681,0.4111011083996323,0.23874599786289144,0.02102725778220954,0.6972642473078148,0.13957457983193278,0.024,1.0,5.319592713605234,0.0,0.029798819361399068,0.4676823552169514,0.5044674308379632,0.41103559477279794,-0.0367850756210118,0.056646760444153454,0.4,20.0,0.0,1.09756210844104,0.16134948812007543
0.061,1.0005828867184459,1.0910154484767196,-0.0023370133031226474,0.08709534339837885,0.48258785942492005,0.2965269111096365,0.02545920822783765,0.5050569782541664,0.10744775572199236,0.03046751863684771,1.0,5.7978227195613306,0.0,0.03546541678573646,0.4818728130229728,0.48578476337586807,0.4826411075612353,-0.003911950352895266,-0.0007682945382624928,0.7,20.0,0.0,-1.2233701130337522,0.40268323994698757
0.045,1.0033982396396417,1.074510339993794,-0.03171554231512441,0.0708192756042364,0.4779661722407331,0.2378282182582858,-0.013568331111986076,0.5262164465598135,0.13214077952297848,0.022476439790575915,1.0,5.302274317533807,0.0,0.01600399921656176,0.4992703000510417,0.46772320910251947,0.4781059346446464,0.03154709094852226,0.021164365406395325,0.7,20.0,0.0,-0.05780324333708675,0.22136252161870337
0.024,0.9999231671142916,1.026993947202518,0.0011234679019245936,0.14488001596437244,0.4950558439515495,0.30657477568130764,0.021236856332449316,0.5056216134591098,0.15394467213114754,0.012,1.0,4.308284831176413,0.0,0.01995176669025997,0.4950574170206072,0.603950362516505,0.4950554506842851,-0.10889294549589784,1.966336322101192e-06,0.2,20.0,0.0,-0.05229656302100327,0.1482348900635366
0.104,1.0011872036206206,1.2127782699960077,-0.01620229844576368,0.09259373435229327,0.48600222563043755,0.4317207709594062,-0.013518525995642239,0.2261431571517063,0.0845209478021978,0.052,1.0,6.507800008657545,0.0,0.011040325198557452,0.48568461525257905,0.4955797733157992,0.48600316246001896,-0.009895158063220166,-0.00031854720743990095,0.4,20.0,0.0,-0.11522595578087858,0.21446708645051799
0.032,1.008947121486145,1.0509869793745754,-0.043399950007792176,0.05039271505824223,0.4458855229214631,0.10450157066114961,0.012696133685966782,0.4081835209834822,0.1321668388429752,0.016,1.0,4.520539579723237,0.0,0.01669079192731246,0.47847158001956763,0.44096318901962706,0.44607344914250274,0.03750839099994058,0.03239813087706489,0.7,20.0,0.0,0.8542179611560203,0.292316041989638
0.06,1.003382817299473,1.0801143776323692,-0.03244535611501487,0.08611553825168951,0.5325198578240844,0.26937756242164884,0.013819602372256767,0.4998505404901139,0.09033687943262411,0.03,1.0,5.758565841753689,0.0,0.013094270999593705,0.5373588246067439,0.48047457566385016,0.5325731059603996,0.056884248942893734,0.00478571864634425,0.4,20.0,0.0,-0.6878080394737256,0.2976848316899474
0.07,0.9992369774396679,1.0830408861298852,0.002652149785081548,0.08582876106971106,0.4376168770453483,0.32397017005467443,-0.025299011067182076,0.453576649706095,0.08652073732718893,0.035,1.0,5.881696235966253,0.0,0.010475151190149495,0.43687081190587507,0.4121042688542846,0.4377064827801153,0.024766543051590484,-0.0008356708742402463,0.7,20.0,0.0,-1.1906640599140519,0.38611180438811454
0.05,1.0133159222032966,1.0555841935550183,-0.06589221307550508,0.012955045728497015,0.4904276898636306,0.030141749415751266,-0.0033548017163629873,0.6853449258422342,0.11815789473684211,0.025,1.0,5.4400405748398395,0.0,0.030344940668588907,0.5525785844426019,0.4573408147049592,0.49023826077969423,0.0952377697376427,0.06234032366290765,0.1,20.0,0.0,0.3848351499595961,0.33424562192230833
0.05,1.00057510950091,1.055953140472984,-0.004289729838377443,0.025985130553856886,0.4724825261334818,0.04853188696452403,0.005572354593558815,0.8994572918319442,0.10210526315789473,0.025,1.0,5.073635081776823,0.0,0.023430336526562,0.47061877100798394,0.43621828886327013,0.47242047599697146,0.034400482144713806,-0.001801704988987518,0.7,20.0,0.0,-1.2397862005018305,0.3848744823436254
0.04,0.99991695828067,1.0411876250525078,0.0009373108350452693,0.016694346673619347,0.47771291208791206,0.017393053593002254,-0.002312403622352188,0.932984856923733,0.11901041666666666,0.02,1.0,5.04017481834329,0.0,0.022381208982913306,0.47629922161172167,0.5072252682624323,0.47755837912087906,-0.030926046650710637,-0.0012591575091573937,1.0,20.0,0.0,-1.2215981491089953,0.3788967922965065
0.03,0.9999092038012461,1.037514248781043,0.0008662756318669118,0.03780150850710051,0.3989543120692072,0.0888662599770698,0.006221817491739778,0.8165183432473341,0.12938144329896906,0.015,1.0,4.505840707008734,0.0,0.015965926045994186,0.39854055982366954,0.6595156549634248,0.3990565556957026,-0.26097509513975525,-0.0005159958720330482,0.1,20.0,0.0,-0.28176595550873484,0.20180493575429548
0.03,1.00151790818774,1.0315372577031872,-0.014578154698239199,0.16030596227406024,0.5121947024423804,0.3934660617045585,-0.024050065532778886,0.5741628122499426,0.159106529209622,0.015,1.0,4.5585442952182165,0.0,0.02561590516243041,0.5201378537119851,0.45958228266697176,0.5122979016167871,0.0605555710450133,0.007839952095197944,0.4,20.0,0.0,-0.6210806318442712,0.2596410811795414
0.1,1.004755218555552,1.1147486108935887,-0.050787570960663164,0.07784063374600139,0.49082392552980786,0.3203143749690775,-0.011634504027485781,0.5267118235747874,0.07083333333333333,0.05,1.0,6.608118480799165,0.0,0.006312877184817364,0.5069776193305605,0.4481342939098714,0.4907892652010299,0.0588433254206891,0.016188354129530624,0.1,20.0,0.0,-0.8644078477611408,0.4088795062986772
0.02,0.9998337218872122,1.0115537008077922,0.0021162777501069034,0.07255570851278094,0.46183117562641396,0.14643237424239014,-0.01267841662718694,0.7158180446902557,0.15867346938775512,0.01,1.0,4.00095643286566,0.0,0.013524562152365124,0.4594566706065552,0.5137102490478994,0.4621466942905565,-0.05425357844134421,-0.002690023684001286,0.7,20.0,0.0,-0.48439806449181066,0.2075263615258386
0.1,1.0258118080325735,1.169235996022586,-0.13679815618890934,0.0591521745555125,0.5204773222420281,0.2055515843636843,-0.013669486560368316,0.5839382830927295,0.09527777777777777,0.05,1.0,6.449874471785504,0.0,0.022407094363740818,0.5637076648841355,0.47195666188047336,0.5206803327391564,0.09175100300366212,0.043027332144979114,0.1,20.0,0.0,0.49063176970680367,0.19658309096526302
0.07,1.0016371733551923,1.0772432243669283,-0.011205221851987551,0.03086683453211661,0.46385577372604025,0.10213178587973354,-0.009812568623776552,0.7837580495032141,0.10145929339477727,0.035,1.0,6.100619250719564,0.0,0.02248713153305376,0.46853669939223935,0.46407932926144246,0.46380707495714507,0.004457370130796889,0.004729624435094282,1.0,20.0,0.0,-1.1961489741048144,0.41169560295999535
0.01,1.0029232076598413,1.0094729553722548,-0.013503177926975418,0.3368588441021002,0.5265993265993266,0.7053800502898411,0.11073327694188512,0.5593646541071393,0.2512626262626263,0.005,1.0,2.177113107609462,0.0,0.06464196784654327,0.5626262626262626,0.589144922628242,0.5262626262626262,-0.026518660001979444,0.036363636363636376,1.0,20.0,0.0,0.6440030449069485,0.24809633394046202
0.08,1.0035240652294954,1.1251382643665795,-0.03546076323470604,0.16164790835085613,0.45324463501281825,0.8230144037704377,0.026905370811113216,0.17031917347128045,0.11317934782608696,0.04,1.0,6.199963365311051,0.0,0.015195348856310506,0.4602240177169388,0.469547007064554,0.45328356509723733,-0.009322989347615163,0.006940452619701498,1.0,20.0,0.0,-0.8442246443760228,0.35141497881142764
0.08,1.000005313264327,1.1045435390986915,0.000538957916926994,0.0023922481050472626,0.43628145979951705,0.006064474360335985,0.0003023357926907888,0.9278066482100142,0.0953804347826087,0.04,1.0,6.176995693626388,0.0,0.005295569056284782,0.4360487688924383,0.5141479082139626,0.43632322042759686,-0.07809913932152429,-0.0002744515351585375,0.1,20.0,0.0,-0.7305719869231582,0.3168456119945948
0.02,0.9996003560104115,1.0187276181950586,0.002722669948733006,0.09868762400012418,0.4959348867155475,0.20742517327702625,0.03224186408226093,0.6060115148425915,0.15382653061224488,0.01,1.0,4.182378953428829,0.0,0.0314236608493534,0.4977295759363638,0.5696619337145722,0.4957649920502399,-0.07193235777820839,0.001964583886123916,0.7,20.0,0.0,-1.180113692235846,0.32840900032522347
0.09,1.0000242579923062,1.1297813388971507,-0.00086920465691449,0.0019507009570804814,0.4397233802327601,0.005792960683625331,-0.0002620851185209938,0.813240042910631,0.06962759462759462,0.045,1.0,6.206587725586784,0.0,0.0012638194008086356,0.43902748827514326,0.5608320283991425,0.43965003956536003,-0.12180454012399922,-0.0006225512902167663,0.1,20.0,0.0,-0.8344535072320718,0.3405237479640617
0.03,1.0073631166229853,1.0390653691741583,-0.03803523147056498,0.1422406911265673,0.4967463593624584,0.28956876841053353,-0.03283392084428466,0.6534423038256638,0.13900343642611684,0.015,1.0,4.239990715744241,0.0,0.0349222232193057,0.5481774516174241,0.5178283182402255,0.4966431601880518,0.03034913337719869,0.051534291429372325,0.7,20.0,0.0,0.5890275378958991,0.2874367990742884
0.1,1.0010289361743747,1.1534544515348601,-0.018005698041914,0.022625738406289283,0.5004416716181422,0.07504134490401977,-0.003401053004506993,0.9643397959612369,0.09472222222222221,0.05,1.0,6.496945953412977,0.0,0.014487836750430777,0.501557734204793,0.5367873806225851,0.5004743513567044,-0.03522964641779214,0.001083382848088621,0.7,20.0,0.0,-0.8538139039792036,0.3621484927283078
0.04,1.0022102642022115,1.0511063344243596,-0.021324494124257076,0.17638557070452582,0.6089400183150183,0.521133229475357,0.026477695990966277,0.2500773411570767,0.17734375,0.02,1.0,4.829390751481829,0.0,0.038981980509758346,0.6129464285714286,0.5612467849574115,0.608934294871795,0.05169964361401702,0.004012133699633602,0.7,20.0,0.0,-0.6842320108546311,0.27428295783202533
0.06,1.0036763238420212,1.0708610412598114,-0.0350429720009755,0.019962356851741764,0.4639825536042544,0.03790031555832699,-0.0022641392726914233,0.6334042375127265,0.08918439716312057,0.03,1.0,5.534605095613921,0.0,0.008620408125418422,0.4875606248685755,0.4657268788738828,0.4641957157295673,0.021833745994692677,0.023364909139008183,0.7,20.0,0.0,-0.6715343344348503,0.29433906452231917
0.06,1.002086629575298,1.0639986487808126,-0.013669509686133202,0.01833603071391195,0.5139072600611844,0.03449359955759686,0.0036888063859127906,0.9355122008449965,0.10593971631205673,0.03,1.0,5.644883186084959,0.0,0.024102654103523927,0.5158752365641724,0.4984003577850284,0.5139072600611844,0.017474878779144054,0.001967976502988078,0.4,20.0,0.0,-1.292143657748137,0.4420454777207094
0.02,1.0056728002171573,1.013038982453145,-0.026766969966241172,0.195826340002396,0.4933438813947622,0.343939934074764,-0.04314639720411034,0.18098001932261987,0.1846938775510204,0.01,1.0,3.7877714661286097,0.0,0.0485497345299928,0.5438544141195123,0.39697473333190825,0.49278476266712884,0.14687968078760405,0.05106965145238346,0.2,20.0,0.0,0.6837235033726721,0.1377363110084588
0.04,1.001164643297517,1.030791967467319,-0.006504222302415218,0.08097921672536365,0.4042582417582418,0.21362483136292953,0.023530699686573175,0.6140781411797342,0.12786458333333334,0.02,1.0,4.9950186609965295,0.0,0.030647563414043066,0.40497939560439566,0.42641944714316554,0.4044070512820513,-0.021440051538769878,0.0005723443223443758,1.0,20.0,0.0,-1.2282486071005214,0.3638505628269133
0.1,1.0200170795792443,1.171062451271416,-0.1182640963836128,0.008662311080104958,0.4800049514755396,0.03221337699988364,0.002445096625312837,0.6798929120283752,0.07472222222222223,0.05,1.0,6.409561912769112,0.0,0.010010020195158509,0.5218053079817786,0.5149830681953125,0.48000495147553973,0.006822239786466122,0.04180035650623887,0.7,20.0,0.0,0.07126858952285442,0.36426900003209967
0.06,1.000308930359051,1.0713350512221371,-0.005195043333477992,0.07536992246013154,0.48834764588971874,0.23409486185628622,0.01094651977190153,0.600622589965859,0.11702127659574468,0.03,1.0,5.67290192707756,0.0,0.017218239037711747,0.48957387924543666,0.5031788538396877,0.488400894026034,-0.013604974594251085,0.001172985219402678,0.7,20.0,0.0,-0.7704478598266031,0.30974129544166124
0.1,1.0053875460409811,1.0992064921106128,-0.052733588261231534,0.004532836689815031,0.4641295306001188,0.017991865827780805,0.0008507908360519956,0.6164304211343186,0.06861111111111111,0.05,1.0,6.3476142122018615,0.0,0.005205726236481675,0.48934343434343436,0.5288347502268319,0.46409586056644875,-0.03949131588339755,0.02524757377698561,0.7,20.0,0.0,-0.8089941867973853,0.34171751981407683
0.01,1.0026929353656202,1.0129009729687064,-0.01292610179711895,0.17017190355074144,0.434006734006734,0.29304351889419605,0.055974892337363746,0.2937946543307093,0.24015151515151514,0.005,1.0,1.5548770014101376,0.0,0.056584494763762726,0.47979797979797983,0.8037109861012146,0.434006734006734,-0.3239130063032348,0.04579124579124583,0.1,20.0,0.0,0.4211307729932017,0.2369308681437023
0.01,0.9998595216106054,1.0103865389232454,0.0008013461044605822,0.13117078757229997,0.6235690235690236,0.1759912451236583,0.04015907276978675,0.665805099833481,0.3287878787878788,0.005,1.0,3.262622161697333,0.0,0.08802979293256132,0.6241582491582491,0.33112202896206006,0.6234848484848485,0.2930362201961891,0.0006734006734006037,0.1,20.0,0.0,-1.193859046863573,0.29287772930243994
0.01,0.9999665547665177,1.0086354042598318,0.0007685565222787655,0.13052933362715718,0.4643097643097643,0.18229839559882563,-0.021421801716304034,0.606173059285166,0.2472222222222222,0.005,1.0,3.065228597193137,0.0,0.028530612253566,0.46414141414141413,0.3157086250755166,0.4646464646464646,0.14843278906589752,-0.0005050505050504528,0.1,20.0,0.0,-0.39937488574044133,0.1835379491213357
0.02,1.0013985296871737,1.0149831141776051,-0.013042664305604301,0.22438946990451838,0.6009419996587216,0.5575509431850459,0.038878145850668955,0.18561823581949644,0.20076530612244897,0.01,1.0,4.12122313795929,0.0,0.0360180740205475,0.6112717739891713,0.49768003893870977,0.6007963756598866,0.11359173505046155,0.01047539832928468,0.1,20.0,0.0,-0.36334750835600493,0.2192569742849539
0.07,0.9999814348234424,1.0880291024932451,-0.0018673433394982425,0.03926478199207742,0.5401472650771387,0.15937941359326882,0.007403257141639419,0.7989662005765158,0.0935483870967742,0.035,1.0,5.814783780758353,0.0,0.016707017008381786,0.5402836216300452,0.47320750578558646,0.540055711391616,0.06707611584445872,0.00022791023842916314,0.2,20.0,0.0,-0.7767346309611836,0.3042589969439027
0.1,1.0005244921153786,1.145738610740977,-0.0038396377001342595,0.0002921599364648407,0.5096375519904932,0.01035280494707799,0.000910887881905964,0.9643397963888747,0.08083333333333333,0.05,1.0,6.361027365664572,0.0,0.018444235375071505,0.5054466230936819,0.5403251920357726,0.5096375519904932,-0.034878568942090626,-0.0041909288968112746,0.7,20.0,0.0,-1.1825520084291588,0.42145739771464696
0.1,1.023526574905703,1.1610328331253137,-0.1255803692855888,0.06471156791986456,0.4517686670627847,0.2988160072276156,-0.0181574261069114,0.9902449131846808,0.1036111111111111,0.05,1.0,6.443774302661461,0.0,0.024784167967497828,0.5186215092097446,0.5005203252946071,0.45156961774608834,0.018101183915137486,0.06705189146365625,0.7,20.0,0.0,-0.2265908213981076,0.37180925962306055
0.09,1.0041804050954726,1.1286001991173762,-0.04616556136077943,0.06200491844851555,0.46610720282554574,0.2655946763904681,0.01090730360762765,0.48515701262388244,0.10033577533577534,0.045,1.0,6.493811931693188,0.0,0.015272361405588478,0.47346696292436263,0.38650165520418134,0.4662169725744505,0.0869653077201813,0.007249990349912139,0.1,20.0,0.0,-0.700364479687166,0.348490480711605
0.01,1.000106353759566,1.022126772047473,-0.0012215714079887655,0.12805368969271513,0.4128787878787879,0.15593118312622967,0.017758128940674522,0.8589453810458298,0.20782828282828283,0.005,1.0,3.17149087856658,0.0,0.016428730013968107,0.41784511784511785,0.44605676844540376,0.41313131313131307,-0.02821165060028591,0.004713804713804781,0.7,20.0,0.0,-0.20585765063606587,0.15190162883267244
0.01,1.000559459987625,1.0108267144370033,-0.005858513869411053,0.10037420175048868,0.5244949494949495,0.12215777288877624,-0.015653346271120805,0.7895844078588672,0.2457070707070707,0.005,1.0,3.1614630236296453,0.0,0.03982550987837008,0.5244949494949495,0.5340841819790203,0.5241582491582492,-0.009589232484070842,0.00033670033670030186,1.0,20.0,0.0,-0.23383365429705893,0.18606385327611394
0.06,1.002670898113893,1.072861724223836,-0.01820381021240336,0.06101991727370235,0.4069246318417072,0.19276214390380833,0.017779842127597645,0.6729683230387882,0.0875886524822695,0.03,1.0,5.5758769166774655,0.0,0.011834752494539455,0.4224595212415973,0.49648995143515484,0.40697754081791854,-0.07403043019355754,0.015481980423678765,0.1,20.0,0.0,-1.2345822445005201,0.426482052212172
0.06,1.0156593764018456,1.0691266514500475,-0.0773770141112139,0.1929789914072423,0.5056653303758573,0.929407077415569,0.05456923364845068,0.06254794649837074,0.14086879432624114,0.03,1.0,5.482773225107066,0.0,0.03816219533019723,0.5695590240328849,0.5568724621407856,0.5058781533410661,0.01268656189209938,0.06368087069181882,0.7,20.0,0.0,0.07111462826058546,0.35480066630000984
0.04,1.0014616829125091,1.0529943816720007,-0.009468362053056678,0.3151627709416934,0.4716746794871795,1.3202490914863119,0.09086840960592485,0.05147718683344573,0.14244791666666667,0.02,1.0,5.065964083362127,0.0,0.04573504403203035,0.47251030219780216,0.5659343221142018,0.4716746794871795,-0.09342401991639965,0.0008356227106226521,0.1,20.0,0.0,-1.217451029960009,0.3729964031933909
0.06,1.0001740007167483,1.095880805323279,-0.0006195397773024539,0.05237824948255064,0.5313685788513326,0.14981043420835694,0.007287366972200504,0.9450495145009978,0.11569148936170212,0.03,1.0,5.5680329612626895,0.0,0.018596539169860773,0.5299861622677601,0.6672000573575984,0.5312620825787021,-0.13721389508983828,-0.0012759203109420358,0.2,20.0,0.0,-0.7244637851104034,0.2968443996574723
0.03,1.0077640304334154,1.0363255139177112,-0.03998364450201053,0.3135512612509756,0.5467380779472283,0.8561566930987403,-0.0687772937901801,0.12431805252623235,0.13848797250859107,0.015,1.0,4.248326453803984,0.0,0.030602852451816667,0.5899313916599779,0.5540181212622657,0.5465326351463262,0.035913270397712194,0.04339875651365166,0.4,20.0,0.0,0.9090853128307606,0.28908774692261785
0.04,1.0031152832931274,1.0562537546096151,-0.02727274448319228,0.07392389674259177,0.442496565934066,0.2436382843122655,0.015001978243554204,0.8381826553354905,0.10677083333333333,0.02,1.0,5.161493173344347,0.0,0.01541887255469128,0.46555059523809517,0.4121674756403257,0.44241643772893774,0.05338311959776948,0.023134157509157427,0.7,20.0,0.0,-0.48057210552177754,0.24196016871956252
0.07,1.0004695816464364,1.0623355540291253,-0.004527879644844426,0.18111843311117354,0.5572658563191523,0.9061260923540989,-0.054309602245032285,0.1203716978722461,0.11459293394777266,0.035,1.0,5.9778443124960265,0.0,0.0406616688505122,0.5566814710924107,0.48808157863793356,0.5571723546828736,0.06859989245447717,-0.0004908835904628983,0.2,20.0,0.0,-1.1753572766335911,0.40166549162610965
0.03,0.9998641456766499,1.0137045783193892,0.0009845130178937483,0.1427291175755737,0.5036339487061882,0.39646753659604533,-0.04333057618556807,0.3899294606443374,0.14896907216494845,0.015,1.0,4.591707981946055,0.0,0.043810328079115085,0.5034265948094637,0.5140202605064039,0.5037371478805946,-0.010593665696940202,-0.0003105530711309257,1.0,20.0,0.0,-1.2642115108902865,0.3574146457199103
0.04,0.9999369962157605,1.0417818543077926,0.0007481140726803891,0.056616993793645674,0.4659913003663004,0.14676712528391375,0.008742850426054438,0.4531912539981423,0.15338541666666666,0.02,1.0,5.137904723022379,0.0,0.016502943919831495,0.46640911172161176,0.46940131565548476,0.4658424908424908,-0.0029922039338730055,0.0005666208791209604,0.7,20.0,0.0,-0.5392161354367171,0.24739476847903744
0.09,0.9998908253792927,1.1236499322131102,0.0018695575704675716,0.2236784412178347,0.5283449616891515,1.3795179100893007,0.03462843692777218,0.020873805738322704,0.11251526251526252,0.045,1.0,6.288853785008938,0.0,0.017650676511263952,0.5269183168316832,0.5059582587226071,0.5282717416478491,0.020960058109076085,-0.001353424816165849,0.7,20.0,0.0,-0.6293136888451216,0.31064588962670314
0.07,1.017626293714758,1.1343665347559941,-0.09302583809279064,0.07151066925249028,0.4702236247467664,0.21257978815192108,-0.015804831865721014,0.8817952723811473,0.08890168970814133,0.035,1.0,5.954992184350516,0.0,0.012027758075986689,0.5249337696743027,0.4408163920298423,0.4701301231104878,0.08411737764446042,0.05480364656381492,0.1,20.0,0.0,0.5021408265684695,0.3491707488851847
0.1,0.9995257895061571,1.1288885744262456,0.0021998171971066884,0.0918847077647785,0.4633323430382254,0.40908717943318046,0.02542940529806781,0.3713304218964103,0.057777777777777775,0.05,1.0,6.599936346526034,0.0,0.012051789077774613,0.46252228163992865,0.5210737056553053,0.4633323430382254,-0.05855142401537666,-0.0008100613982967575,0.1,20.0,0.0,-1.157295696401107,0.43999217373761784
0.03,0.9997870722275606,1.0338536675079266,0.0011035645677937122,0.035575599250303964,0.5373303902457669,0.08661628713231867,0.012002400389126144,0.856116463680309,0.1752577319587629,0.015,1.0,4.502039271552527,0.0,0.04128460530352268,0.5376380766731644,0.5330853376151542,0.5375367885945802,0.004552739058010236,0.00010128807858422739,1.0,20.0,0.0,-1.1979290810441692,0.3496648731356774
0.01,1.0026956138788725,1.0085675082026109,-0.013087147571393176,0.33743382341391487,0.5185185185185185,0.7697583384859412,0.10952089352870176,0.22842558124925827,0.27449494949494946,0.005,1.0,2.6953033641146105,0.0,0.060871291582089926,0.5506734006734008,0.48032677823757036,0.5191919191919192,0.0703466224358304,0.031481481481481555,0.7,20.0,0.0,0.5610398329120967,0.24173007950964054
0.05,1.0023683576172349,1.0455493388455173,-0.023438015520748923,0.2561984578232168,0.5605172338871259,1.0132488861083926,-0.038347799651264725,0.06380968488377921,0.1063157894736842,0.025,1.0,5.379860376742216,0.0,0.020543580712377565,0.5647597896324205,0.5569890043832404,0.5605790882818806,0.007770785249180068,0.004180701350539828,1.0,20.0,0.0,-0.7106670860701763,0.2929593997543535
0.03,1.0001468073363338,1.0312059090700367,-0.003136586690135168,0.04513650746579956,0.5245770107913211,0.1067280420807414,0.007751490743597822,0.9342678057470971,0.15515463917525774,0.015,1.0,4.45184943647967,0.0,0.024175442794824212,0.523132540865599,0.4421018974268203,0.5243706124425079,0.0810306434387787,-0.0012380715769089168,1.0,20.0,0.0,-0.5278638926984933,0.22727471247223385
0.02,1.0009941331723025,1.0354241874849712,-0.010477316444086726,0.31336762128362816,0.47117136192388065,0.9671047048953206,0.058254490286537064,0.3542580160260477,0.16020408163265307,0.01,1.0,3.8799663511867126,0.0,0.02719609174974376,0.4725579168084937,0.4847705417950439,0.47194936334914944,-0.012212624986550236,0.000608553459344241,1.0,20.0,0.0,-0.3547792716904894,0.22726043794293585
0.03,1.0073434032800217,1.0484444694918813,-0.03896367111111898,0.044794103099321,0.4601402744333601,0.0989087885403396,0.012858322029804248,0.26805929187520716,0.13006872852233675,0.015,1.0,4.3595539287170375,0.0,0.020995427909283493,0.5156802227063665,0.4219601629930187,0.4603466727821733,0.09372005971334779,0.055333549924193204,0.1,20.0,0.0,0.8639304482334467,0.28661589795087494
0.09,1.000859138176346,1.1403161451338995,-0.004441984794413854,0.08230563046295492,0.47482340339297086,0.32954539578610176,-0.023358785557535344,0.4545996580194803,0.0775030525030525,0.045,1.0,6.336818447853752,0.0,0.015821773880073914,0.4740915648582402,0.40254803336198686,0.47493329376797333,0.07154353149625337,-0.0008417289097331082,0.1,20.0,0.0,-1.2371279983253394,0.45566016869975157
0.01,1.0024397464908619,1.011815425947601,-0.012560132560084813,0.06426108752730861,0.522053872053872,0.07712467756750588,-0.016583868001866398,0.9723482242580526,0.20176767676767676,0.005,1.0,2.272344412222975,0.0,0.056810312283986024,0.5771885521885523,0.496379200504051,0.5215488215488215,0.08080935168450126,0.05563973063973071,0.7,20.0,0.0,0.5742003498426245,0.24242633442180778
0.05,1.0004754293627856,1.052669633526814,-0.006398716504702175,0.30946098331452,0.5571609968109753,1.4991063938702451,-0.045489956754642735,0.048372996424449866,0.16736842105263156,0.025,1.0,5.350891514368219,0.0,0.02165316772362222,0.5589887843888902,0.5939961609307843,0.5571648627106475,-0.03500737654189412,0.0018239216782427459,1.0,20.0,0.0,-0.6626403695928644,0.2832187133672635
0.09,1.0056007656491242,1.141670119936249,-0.052408358006540756,0.03779264937626519,0.4505045789666686,0.13948723259811496,0.0060099717053623825,0.8589489686968693,0.0673992673992674,0.045,1.0,6.302081417801375,0.0,0.005519861923917943,0.48628059077837604,0.42693245707503186,0.45050469959276634,0.059348133703344186,0.0357758911856097,0.4,20.0,0.0,-0.9350519822424399,0.3566782084955036
0.04,1.0113468957406773,1.0614687173520065,-0.05535790524844497,0.3104679387799968,0.5602850274725275,1.0632751853297373,-0.0776110375455451,0.22541395401544806,0.16875,0.02,1.0,5.130229739310806,0.0,0.05733919204910476,0.61492673992674,0.5221556473154516,0.5603651556776557,0.09277109261128835,0.054561584249084305,0.2,20.0,0.0,0.8712545796858349,0.15328136840835307
0.01,1.0006504255861741,1.0147454556866278,-0.006160432478849565,0.15817617952407087,0.6585016835016836,0.3090269785615726,0.03355116239457534,0.44341564678000067,0.25757575757575757,0.005,1.0,2.588370926501603,0.0,0.04898448809353627,0.6665824915824916,0.6296177785346648,0.6588383838383839,0.03696471304782678,0.00774410774410772,0.7,20.0,0.0,-0.3448774170717992,0.17956938532086744
0.05,1.0002138361780764,1.0701715566575885,-0.0013971629718813718,0.27044467579095577,0.5787950117953983,1.114773325333246,-0.0748841309525648,0.07398734954995825,0.12763157894736843,0.025,1.0,5.37454359876483,0.0,0.05361363930665382,0.5790275530009952,0.5020991571359903,0.5789191120684188,0.07692839586500488,0.00010844093257633691,0.2,20.0,0.0,-1.227406122627082,0.40216828231517826
0.07,0.9998666211006132,1.101352204513378,0.0012974841864998084,0.1185365109839571,0.4862085086489014,0.4707723287271537,-0.017845299367714784,0.4965377511403021,0.1054531490015361,0.035,1.0,5.902324114849479,0.0,0.018934940128582337,0.4833196976780427,0.5704644672061455,0.48630201028518005,-0.0871447695281028,-0.0029823126071373274,0.1,20.0,0.0,-0.7004997800950332,0.2982821068578421
0.03,1.0022901060800338,1.044638961981978,-0.020261436095276197,0.029470870605482938,0.349785638751927,0.05752497573533387,0.004585998449403439,0.8677181585689409,0.12774914089347078,0.015,1.0,4.69705534814283,0.0,0.01150002496019338,0.3716479379276077,0.37782035977624356,0.34968243957752043,-0.006172421848635867,0.021965498350087265,1.0,20.0,0.0,-0.5416327160540129,0.24970491074876172
0.04,0.9992399148557316,1.0361722058238048,0.004710403049186882,0.1966598334086806,0.4652815934065934,0.6645193564512794,-0.055675422681929265,0.19749249273633784,0.13385416666666666,0.02,1.0,4.701302539423196,0.0,0.02679510433567832,0.46683836996336997,0.6386021731205495,0.46536744505494504,-0.17176380315717948,0.001470924908424931,0.1,20.0,0.0,-1.2060223398953134,0.3706767048578294
0.07,1.0153037226859694,1.0968207390266724,-0.08634902886435802,0.05734539743357816,0.5395472962443509,0.18691418782978167,-0.013737391827199297,0.9235920323495255,0.10925499231950844,0.035,1.0,6.028543978424226,0.0,0.030915711971449412,0.5745285959170952,0.4491978672777919,0.5395453482935951,0.12533072863930328,0.034983247623500024,0.1,20.0,0.0,0.40738506447103395,0.3295579178174555
0.02,0.9998938993016182,1.0294013522987802,0.0010621094158975303,0.09972729686958193,0.5136125680955984,0.16975078536258914,-0.02755403173296489,0.6605657297523334,0.18367346938775508,0.01,1.0,3.8954404621603627,0.0,0.04938763862590685,0.5126408480379324,0.5480504416396115,0.5137100974608714,-0.03540959360167906,-0.001069249422938956,0.7,20.0,0.0,-1.2424200828323073,0.3243254542598221
0.08,0.999374770877433,1.0840738240994756,0.00825903271926131,0.05487259266724569,0.502107036482857,0.14037047862586569,-0.006223471516742629,0.599398658904099,0.08722826086956523,0.04,1.0,6.08783113822356,0.0,0.013364030238553648,0.5027780370757952,0.5212772602473147,0.5021487971109369,-0.01849922317151953,0.000629239964858308,1.0,20.0,0.0,-0.8048841391225885,0.3269711797232721
0.07,1.005020316591121,1.126632436477697,-0.04743624445522304,0.14436222528833745,0.4251870032725573,0.5853130266600889,-0.021833601095421984,0.2419980088201742,0.08490783410138249,0.035,1.0,5.8831758030700305,0.0,0.01099361309101693,0.4439886239675861,0.47590513283466845,0.4250935016362787,-0.03191650886708236,0.018895122331307412,0.7,20.0,0.0,-0.615139816550383,0.3077336308420436
0.04,1.002587596247705,1.0489551541904056,-0.02457396768662179,0.40526777385385754,0.5414091117216118,2.177208438372575,0.07240799359189726,0.02294544444890519,0.15260416666666668,0.02,1.0,4.985619557001801,0.0,0.028498839571818577,0.5498683608058609,0.40740477534390457,0.5412488553113554,0.1424635854619563,0.00861950549450552,0.2,20.0,0.0,-0.6167450908476217,0.2735148263012686
0.05,0.9999231272593749,1.0498459272003824,0.0020440998187489443,0.136171759629441,0.5137743473382644,0.44687582688561456,0.019815561596051356,0.498438706529185,0.11526315789473685,0.025,1.0,5.359137865925611,0.0,0.015898194359883572,0.514239185072264,0.5310950372091677,0.5138362017330192,-0.01685585213690377,0.0004029833392447113,1.0,20.0,0.0,-0.6049016982118389,0.2784863706312597
0.01,1.0025773704187146,1.015634499405044,-0.012971303948322355,0.20611521416766598,0.37853535353535356,0.29097308447402065,-0.05536050031565423,0.3786669754514398,0.24217171717171718,0.005,1.0,2.7915302116623795,0.0,0.055157100888462075,0.4209595959595959,0.6133522760968824,0.37887205387205386,-0.19239268013728644,0.04208754208754206,0.4,20.0,0.0,0.8351598678579362,0.24242633442180778
0.05,1.0126997827886794,1.070855701832056,-0.06647406598807448,0.07647581530004659,0.5232169296261411,0.21891103320517658,0.019923729609025165,0.5422637508974861,0.115,0.025,1.0,5.471910069093631,0.0,0.02926040727381972,0.547845304116136,0.5388703978177142,0.522899534369512,0.008974906298421792,0.02494576974662399,0.7,20.0,0.0,0.8321328076255252,0.1667755351845034
0.05,1.0037447977097018,1.069531546973711,-0.03227048439206037,0.10405150516429791,0.44181375680887697,0.35707078634972184,0.01789059587354841,0.33413767190294563,0.13921052631578948,0.025,1.0,5.420274790923057,0.0,0.01344930249721972,0.46912340186643675,0.45904343803550707,0.44175190241412227,0.010079963830929684,0.027371499452314485,1.0,20.0,0.0,-0.7677634804165105,0.30395611981251486
0.06,1.0009169325287441,1.0698923949347698,-0.006476164768942624,0.012627172098468352,0.4017790643251053,0.02443328402849854,0.0025908030722761044,0.9410134561835204,0.09468085106382979,0.03,1.0,5.584333529510603,0.0,0.022023818635775072,0.40412079526261174,0.5613492428774112,0.4018855605977358,-0.15722844761479943,0.0022352346648759625,0.1,20.0,0.0,-1.108151197780138,0.3788736387310104
0.06,0.9998789925636977,1.0838026299373877,0.002382120535094078,0.007404335239088765,0.48567574259104757,0.00015437799621570235,-9.196369612662902e-06,0.9399129714754298,0.10531914893617023,0.03,1.0,5.44063770857106,0.0,0.014783053032106808,0.48354683461875014,0.3843811702837006,0.4856221552946283,0.09916566433504953,-0.0020753206758781784,0.1,20.0,0.0,-0.7375101082564055,0.29185731930242215
0.08,1.022452041315069,1.0961496131280903,-0.1113314940047021,0.013210149433716916,0.5149620414996924,0.0498130754143586,0.004179698403481313,0.8808159593764519,0.10529891304347827,0.04,1.0,6.17333456702774,0.0,0.021678283798386558,0.5554268163644162,0.6155133527139883,0.5150022554378434,-0.06008653634957217,0.04042456092657276,0.1,20.0,0.0,0.5603880659170892,0.18004361863323837
0.07,1.0188313887529985,1.1091886633093575,-0.09569573787901242,0.136260201583193,0.5302769985974755,0.584882412685689,0.035130724257450896,0.11035868524673247,0.11136712749615976,0.035,1.0,5.930855794744043,0.0,0.03444063624130775,0.579482234689107,0.5061623942366211,0.5299049400031167,0.07331984045248585,0.04957729468599026,0.2,20.0,0.0,0.6013135031302901,0.17887885738853235
0.01,1.0007169744895783,1.0052688776912986,-0.0063349442724697225,0.09176992602121307,0.7074074074074074,0.07539874912481358,0.01024011881268616,0.8031722764513376,0.2772727272727273,0.005,1.0,2.799231552157229,0.0,0.04481271646953687,0.7143939393939395,0.4158716934607732,0.7067340067340067,0.2985222459331663,0.007659932659932811,0.1,20.0,0.0,-0.47461301401331335,0.2042583716290038
0.02,1.0001352341908951,1.020271834943845,-0.0026150368655703804,0.2054346079202759,0.4845988475751519,0.46937602965205655,0.03242632251115202,0.35710929111142586,0.21275510204081632,0.01,1.0,3.802384564682291,0.0,0.034259716480820004,0.4827313463549181,0.5382637856150594,0.48474491827336985,-0.055532439260141286,-0.002013571918451751,0.7,20.0,0.0,-0.26643416284775956,0.19163260822536712
0.08,1.004310174555152,1.1074914168154673,-0.044608985339442686,0.11944706841460652,0.4967475233703332,0.5081291451299353,-0.01901460084683848,0.2458421359066294,0.11535326086956521,0.04,1.0,6.19254361059291,0.0,0.017846574878499583,0.5093589803233343,0.4293353821897294,0.49678194480306415,0.08002359813360488,0.012577035520270119,0.4,20.0,0.0,-0.7052147106549853,0.3355316027987169
0.07,1.0042263567984424,1.0905845361744049,-0.04058018419903403,0.012520873215170758,0.5317223780582827,0.0346517109302923,-0.001892101348077213,0.9004525150802586,0.10399385560675883,0.035,1.0,5.885345216838047,0.0,0.011128396330803939,0.5365571918341904,0.3733173311147588,0.5314048620850865,0.16323986071943158,0.0051523297491038456,0.1,20.0,0.0,-0.7548413183017804,0.32301147195423735
0.1,1.0003284461252178,1.118036742625231,-0.0024010540630754655,0.20286071037973272,0.5170370370370371,1.2292972559581068,0.057048326435052754,0.05533281898055893,0.10444444444444445,0.05,1.0,6.541391669688116,0.0,0.0383789354069511,0.5182244008714597,0.5626310504407669,0.517036046741929,-0.04440664956930718,0.0011883541295306665,0.2,20.0,0.0,-1.220360814057436,0.44689671497595557
0.04,1.009732558905144,1.0457682930916836,-0.052786248636674804,0.04135495204714627,0.45252976190476196,0.08323378210466856,-0.009248073310475113,0.9152316615104578,0.14088541666666665,0.02,1.0,5.072625209346655,0.0,0.020174722805564857,0.497184065934066,0.6206325895211906,0.45254120879120885,-0.1234485235871246,0.04464285714285715,0.1,20.0,0.0,1.0273693221752493,0.3011324608491227
0.02,1.0000989044601793,1.0187318439135487,-0.0006322053608946044,0.29554431915966345,0.6038355693615444,0.814404039890699,0.0911112722053149,0.1558798453003897,0.20969387755102042,0.01,1.0,4.026242435800148,0.0,0.06301506836799906,0.6016440621888924,0.6183842584448181,0.6043209826909944,-0.01674019625592571,-0.002676920502101998,0.7,20.0,0.0,-1.2173383870214056,0.3243254542598221
0.1,0.9999520801296514,1.1345494317930798,0.003932787885398435,0.1320614934701522,0.48245890275302045,0.6871197195486439,-0.019558383381398647,0.17346930815540185,0.08222222222222222,0.05,1.0,6.6268893517360095,0.0,0.013179804279064455,0.4803396712220242,0.4716677678679629,0.4824252327193504,0.008671903354061317,-0.0020855614973261938,0.4,20.0,0.0,-0.734086104436547,0.3319934716408399
0.05,1.0026155002133004,1.0545783221070049,-0.025218107354505914,0.11996297575344157,0.5616357512137946,0.39502240736298044,0.019571276231742096,0.4515660268135677,0.1292105263157895,0.025,1.0,5.425547434044857,0.0,0.030693921522430355,0.5679563503714787,0.5469676932172757,0.561632081055878,0.02098865715420306,0.006324269315600706,1.0,20.0,0.0,-0.598878557952927,0.28084140503292404
0.01,0.9998694066964324,1.0265648889930634,0.001704233591186266,0.14573093939561232,0.22095959595959594,0.17811606465509836,-0.02059444321470133,0.6924010788489785,0.2005050505050505,0.005,1.0,3.142990452617884,0.0,0.029576637579965245,0.2186026936026936,0.0,0.2205387205387205,0.0,-0.0019360269360269022,0.0,20.0,0.0,-0.2685118110732705,0.16770731950982806
0.03,1.0079990040859743,1.040253404243029,-0.03960175581451364,0.03627752496946972,0.524419663901948,0.11032731818383387,0.013410690997545216,0.41480002798406546,0.1566151202749141,0.015,1.0,4.269743027051417,0.0,0.035802629258069985,0.5721413191657431,0.5415310605194574,0.5248327791155448,0.030610258646285637,0.047308540050198244,0.4,20.0,0.0,0.6433661778624726,0.2958168854599491
0.07,0.9979042986165716,1.1236595905043025,0.015344268312257131,0.11977213417411745,0.5418049711703289,0.4515388892362032,-0.03284641575465541,0.34964588822717824,0.13767281105990783,0.035,1.0,5.969099281742972,0.0,0.03955149540588834,0.5425783076203834,0.45415370584655707,0.5418497740377123,0.08842460177382633,0.0007285335826711092,0.1,20.0,0.0,-1.1648806974107522,0.39799697451027255
0.03,1.0015051865304412,1.052867863190406,-0.015464274322491367,0.07160351969313902,0.3617261654499357,0.17647590174218583,-0.012604902312971011,0.7828011730990911,0.13994845360824743,0.015,1.0,4.648142619015875,0.0,0.014846167428279891,0.37482545324822586,0.5377923503409265,0.36162296627552903,-0.16296689709270068,0.013202486972696825,0.2,20.0,0.0,-0.525720143891582,0.2596410811795414
0.06,1.000117138512089,1.0567445481184359,-0.0036432772739439234,0.02639160097682237,0.5413353072451382,0.07707527282240056,0.0041093223489706565,0.9472516021846985,0.09033687943262411,0.03,1.0,5.725160137130669,0.0,0.01693372825461889,0.540114161290979,0.4451409272117795,0.5413882162213495,0.0949732340791995,-0.0012740549303704718,0.2,20.0,0.0,-0.5560620210616407,0.2813651633414273
0.08,1.0145062953409958,1.1072071421510217,-0.08945905944040089,0.003256551207843455,0.458202180598269,0.007819337705017484,0.0006934298058418609,0.8836815782585403,0.09932065217391305,0.04,1.0,6.2021940334989125,0.0,0.022525912289133462,0.5068684860471282,0.494186105060499,0.4583631677689714,0.012682380986629216,0.048505318278156795,0.7,20.0,0.0,0.006099513659788336,0.3269711797232721
0.02,1.0007051223708552,1.0181448551051901,-0.004761862169345918,0.10950204889728897,0.3969494303540569,0.2032356881241236,-0.03146908682196081,0.6363835371244783,0.19005102040816327,0.01,1.0,3.94139567313305,0.0,0.03533097176646521,0.3987931076072011,0.6209995332863057,0.39680335965583896,-0.22220642567910465,0.001989747951362142,0.1,20.0,0.0,-1.1395023241291136,0.3203221127735949
0.09,1.0187263518577963,1.1134576074162592,-0.1057819784901366,0.02184749324660424,0.5180790776446065,0.05032179276953945,0.003916275154671078,0.5502287185644605,0.1028998778998779,0.045,1.0,6.32918919309067,0.0,0.024843022203968994,0.5521953949780943,0.492461011294365,0.5180425279370042,0.05973438368372935,0.03415286704109011,0.1,20.0,0.0,-0.10126469452629783,0.38156900050709086
0.04,1.0021539974771008,1.062446473328705,-0.02119991071847288,0.11427517137174951,0.4812614468864469,0.32056044160864405,-0.018096413087325902,0.26510662277186314,0.14609375000000002,0.02,1.0,5.2313934944477145,0.0,0.01362569770972781,0.4901385073260072,0.495129435955534,0.48095238095238096,-0.00499092862952677,0.009186126373626258,1.0,20.0,0.0,-0.6040779227789099,0.2674574764681319
0.09,1.001477223796614,1.1205681684038538,-0.023909757272145574,0.03571181048320224,0.45356594870013317,0.10097869154151044,-0.004210360296745264,0.5495943912070562,0.09023199023199024,0.045,1.0,6.343529532440531,0.0,0.009021875307685084,0.46439913728214927,0.5164251498585958,0.45352939899253086,-0.05202601257644651,0.010869738289618402,0.2,20.0,0.0,-0.8557989204739083,0.3587611372541914
0.09,0.9979886933026471,1.1115057398887855,0.013590526302426456,0.1871210312117057,0.5436683361318587,1.0600762612435246,-0.05506623670193539,0.0888376442431858,0.09548229548229548,0.045,1.0,6.129992391987677,0.0,0.03317046460985393,0.5476602155829619,0.5437769594812939,0.5435949954644587,0.0038832561016679534,0.004065220118503188,1.0,20.0,0.0,-1.172558590765076,0.4162851757263452
0.08,1.0004503687041126,1.1113274163633449,-0.008122701184759107,0.134746652883723,0.4836023674101069,0.6551745548918947,0.020958199057171445,0.2316875006549317,0.08586956521739131,0.04,1.0,5.925410293645623,0.0,0.011106572413464286,0.4851341464393489,0.48338495140673005,0.4836425813482579,0.0017491950326188332,0.0014915650910909961,1.0,20.0,0.0,-0.7691301810543649,0.33264949396762844
0.08,1.0193343443062464,1.0858313124130718,-0.10531163043259983,0.10817304907878808,0.5390111592768552,0.4328354256548241,-0.0277893688236443,0.5219754310930311,0.09972826086956521,0.04,1.0,6.139365039726517,0.0,0.025176136974399854,0.5596781817428599,0.46571673898125804,0.5389709453387042,0.09396144276160184,0.020707236404155727,0.1,20.0,0.0,0.5460249994166535,0.18627695400153158
0.04,1.0001183202581339,1.0417087064133324,-0.0003558851455818038,0.1723199494587771,0.5763850732600733,0.5700219471574808,0.027166949088189007,0.228235015265562,0.15572916666666667,0.02,1.0,4.977515721022771,0.0,0.02706638607487416,0.5774668040293041,0.44460829082957876,0.5762305402930403,0.1328585131997253,0.0012362637362637319,0.2,20.0,0.0,-0.6232223201261955,0.2697109440378484
